4638 186
2292.61 0.258032
1968.03 0.0429906
1056.06 0.0884837
2106.64 0.168737
814.024 0.120735
1285.34 0.0165767
748.185 0.00170226
844.288 0.0834991
574.271 0.0353163
803.612 0.0325523
643.701 0.00572559
742.611 0.0302885
704.634 0.0885741
865.697 0.0245662
818.328 6.21725e-015
541.139 0.00862197
675.26 0.00923781
610.372 0.0268034
565.88 0.000325988
715.587 0.0847821
560.933 0.0062252
876.012 0.0324584
678.649 0.0121225
686.271 0.0135724
595.999 0.0301275
701.879 0.00912817
498 0.0122942
698.358 0.00511841
544.79 0.00583248
572.791 0.00293929
623 0
402 0
598.563 0.0133827
519.585 0.00705574
540.404 0.00250907
515.277 0.0203501
454.082 0.00123163
436.233 0.00668602
477.899 0.00114529
362.275 0.0183693
308.319 0.000746276
473.772 0.0128237
345.295 0.00651096
362.67 0.00298229
386.227 0.0299721
354.025 0.0127712
461.863 8.88178e-016
286.123 0.0121933
279.589 0.0347225
287.342 0.0131526
266.558 0.00168677
261.494 0.0094623
270.138 0.0233686
217.855 0.0465949
250.662 0.0586835
190.437 0.00332815
287.271 0.0090122
181.854 0.0142805
321.398 0.00207759
222.81 0.0178291
367.611 0.00210843
175.399 0.00537264
493 0
1191.26 0.0132862
1272.52 0.534385
1027.92 0.197807
1150.38 0.0308084
1442.69 0.710015
901.662 0.00559385
1053.75 0.0266603
982.157 0.0969134
861.551 0.00694012
706.16 0.00404798
887.749 0.0763378
917.746 0.0139738
684.177 0.0612228
639.437 0.00550469
735.161 0.00894135
803.885 0.0138206
681.999 0.0244332
600.548 0.013805
782.932 0.0200553
429.771 0.00947661
592.997 0.0029203
461.528 0.144719
646.107 0.0240248
418.455 0.026494
458.802 0.00240852
442.052 0.0161637
511.063 0.0530391
472.054 0.0373713
490.098 0.00491298
566.848 0.0233287
587.677 0.0151435
454.53 0.029391
572.913 0.0187844
381.813 0.0275307
399.031 0.00993181
367.964 0.0135449
372.675 0.0214892
538.768 0.0292419
505.79 0.0115374
558.371 0.0127384
419.524 0.00796698
503.93 0.00292722
542.759 0.0312349
466.166 0.00495845
452.066 0.0243236
328.651 0.0229813
402.096 0.0129765
336.259 0.00636526
390.83 0.0100214
339.709 0.0102316
437.798 0.00726407
306.812 0.00792195
329.633 0.00263265
361.918 0.00608831
368.935 0.0243964
269.51 0.00461483
343.242 0.0108465
243.192 0.0272887
213.837 9.45839e-005
270.461 0.000843973
241.703 0.0138016
256.421 0.000354027
228.683 0.00150489
273.223 0.000966426
1255.62 0.0727434
1100.56 0.0537289
903.181 0.0828493
776.817 0.000661446
966.542 0.135085
809.154 0.109499
624.316 0.082965
749.833 0.0363108
828.803 0.0794155
635.865 0.0482245
931.019 0.0283288
840.368 0.0196538
607.907 0.00296418
580.334 0.112362
559.817 0.147965
541.093 0.00536489
683.111 0.0256236
496.128 0.0937267
494.912 0.00267068
471.192 0.00175061
429.896 0.00650188
449.279 0.00390718
454.233 0.00620899
449.279 0.0239917
468.357 0.0206665
430.127 0.0363543
432.361 0.0185265
431.108 0.020497
509.963 0.0176186
455.382 0.00615107
425.749 0.0143736
459.278 0.00782328
531.453 0.00820711
387.278 0.0208447
666.226 0.0242608
490.683 0.0214072
629.575 0.00615557
480.968 0.0129884
595.965 0.0136598
456.217 0.024403
370.487 0.00750192
267.374 0.00623814
397.787 0.00449583
477 0.011655
370.061 0.00373504
320.224 0.00319924
367.329 0.0194477
432.823 0.0103622
261.002 0.00984015
300.032 0.000807762
317.769 0.0139045
301.103 0.000416534
276.367 0.0126043
406.312 0.00660743
252.666 0.00385511
376.192 0.0301101
222.33 0.0232183
273.377 0.00373185
343.889 0.00713145
263.738 0.00995165
403.621 0.0046526
282.603 0.00584146
363.619 0.0036613
227.406 0.0197452
1640.21 0.132571
722.763 0.122084
990.83 0.065559
805.847 0.0436376
753.1 0.0495231
479.096 0.0569496
740.235 0.00308668
633.875 0.00887367
552.75 0.042442
646.946 0.0548192
478.904 0.0485743
508.171 0.0427687
697.427 0.00264661
619.659 0.0123616
648.415 0.0118865
537.915 0.00734329
456.086 0.00852339
523.654 0.00316749
620.368 0.000245148
455.493 0.0387759
410.356 0.0307251
449.886 0.0313531
427.101 0.0107647
391.424 0.0558898
380.502 0.0498883
457.903 0.0188219
560.479 0.000388067
439.922 0.0110602
362.369 0.00428629
396.31 0.0107113
383.09 0.00160793
367.179 0.00999502
414.61 0.00484781
478.148 0.00928183
416.203 0.00669265
330.647 0.00346521
279.461 0.00226358
338.656 0.000528617
305.376 0.00373747
253.129 0.000763232
257.122 0.00917065
390.278 0.00259718
314.599 0.0207473
331.422 0.00119396
288.857 0.000947032
343.541 0.0198409
298.489 0.00622538
250.826 0.0137948
238.008 0.00186629
307.772 0.0639878
205.343 0.00331676
257.375 0.00866105
227.442 0.00405915
255.746 0.000996362
230.452 0.0737804
219.794 0.00685649
270.586 0.00934284
186.194 0.0085002
229.35 0.00523108
251.875 0.00362591
262.192 0.0354053
257.757 0.00168949
281.937 0.0161841
325.867 0.00893534
1440.7 0.0493222
757.073 0.0340349
628.744 0.18866
709.967 0.00938141
718.138 0.020334
571.921 0.0263652
613.958 0.0138249
663.748 0.0845945
503.802 0.0198822
663.536 0.00722288
502.657 0.0247267
561.044 0.0137579
529.707 0.0437586
501.141 0.0399298
567.409 0.0138549
573.914 0.0360973
581.831 0.0655676
625.943 0.00494519
551.08 0.0517938
485.526 0.0352965
554.985 0.00557072
621.947 0.0179256
431.818 0.0419553
442.927 0.0274282
413.022 0.0438075
334.606 0.0128968
449.513 0.071765
355.823 0.0130854
344.05 0.00532927
460.85 0.00802145
292.53 0.00735568
379.189 0.0147083
395.3 0.00252128
399.84 0.00366313
369.003 0.0266241
280.349 0.0120607
344.016 0.012053
344.18 0.0570188
255.704 0.0106002
257.373 0.014672
258.842 0.00993619
265.773 0.034679
254.952 0.0205942
240.952 0.00608497
208.36 0.00130549
279.619 0.00142747
244.542 0.0201925
242.114 0.0012693
258.541 0.00714668
183.148 0.00549695
238.453 0.0119491
204.33 0.00342101
218.185 0.0169233
212.844 0.0165412
246.974 0.0102653
198.999 0.00271908
193.838 0.0105552
185.461 0.0192424
222.376 0.0162523
208.189 0.00216341
215.107 0.0113122
219.601 0.00178331
177.656 0.0148194
275.611 0.068843
780.137 0.0596555
699.994 0.0173279
617.54 0.0702795
867.475 0.0376144
797.563 0.197515
602.045 0.0201447
611.959 0.00553249
641.916 0.229798
724.708 0.0270652
638.359 0.037588
537.113 0.0333842
438.848 0.027168
493.381 0.0615987
563.725 0.0220584
623.804 0.0851137
677.967 0.131888
779.866 0.0122134
496.186 0.0144989
600.538 0.0197237
472.319 0.00641686
526.274 0.0143642
487.433 0.0673951
492.439 0.0230945
476.76 0.00302257
372.148 0.00398936
480.136 0.00602851
324.562 0.00280523
400.205 0.011406
381.157 0.0328635
293.869 0.00145467
304.621 0.00656718
279.046 0.0142855
285.744 0.0158958
328.707 0.0156746
298.238 0.000608692
299.382 0.0372867
255.023 0.0157539
322.713 0.0124566
286.233 0.00850505
330.579 0.0582298
210.516 0.0139116
281.059 0.0325826
257.73 0.0345326
265.689 0.0014341
291.329 0.000192702
259.306 0.010315
270.352 0.00273505
223.833 0.00651605
234.593 0.00689698
209.777 0.00520375
234.021 0.0248795
230.832 0.00700281
186.009 0.00479342
215.325 0.00883306
172.211 0.00787606
171.061 0.0344103
250.449 0.00388549
224.621 0.00307069
180.096 0.00828193
174.78 0.00413204
207.899 0.0388119
169.403 0.0116287
173.233 0.0229973
248.831 0.00816905
886.566 0.0406534
638.313 0.0112496
632.87 0.00416263
580.809 0.0589929
887.519 0.00927245
535.674 0.252007
621.415 0.00746439
697.931 0.00894357
672.498 0.0558532
524.265 0.000429605
500.814 0.051768
486.462 0.0458626
437.984 0.00658947
542.924 0.115029
632.608 0.0244561
485.868 0.0160883
457.834 0.0994676
490.01 0.0182187
445.043 0.0509663
501.614 0.0137698
437.329 0.0114546
494.816 0.0567037
528.345 0.0171306
436.157 0.0119338
467.823 0.0152752
447.428 0.0167352
361.283 0.0152427
356.478 0.0225472
361.976 0.00691573
320.488 0.000689988
394.195 0.00312927
288.809 0.00961029
314.581 0.0309721
307.499 0.0462257
263.478 0.0203871
319.601 0.00464118
278.019 0.0212052
281.659 0.00157834
301.611 0.00284802
272.549 0.00106111
237.11 0.0103515
311.811 0.00271541
284.927 0.00114032
266.044 0.00954874
220.524 0.0120683
254.3 0.00130736
250.099 0.00565345
221.311 0.000401597
214.121 0.000492644
221.879 0.0162612
224.986 0.00515991
183.394 0.0289187
211.761 0.00246625
159.109 0.00650098
187.054 0.00459205
189.879 0.019107
263.816 0.0420695
207.337 0.0154198
195.482 0.0227388
208.437 0.0193973
159.579 0.0041315
198.664 0.000779011
178.935 0.00501289
237.876 0.0062234
1312.76 0.0128697
810.686 0.13632
950.86 0.162369
799.131 0.0696833
935.098 0.019626
435.478 0.00180704
643.709 0.0500153
542.519 0.0309342
478.914 0.0592094
470.604 0.0963666
496.853 0.0132806
610.658 0.0368446
490.725 0.0666337
520.744 0.0256029
496.738 0.00278224
445.985 0.00262883
436.001 0.0488392
530.377 0.018393
437.573 0.0633349
465.303 0.016024
463.984 0.0714806
476.664 0.00345176
426.106 0.00318597
414.457 0.0396652
455.299 0.0242992
361.494 0.0119915
435.544 0.00254752
353.957 0.0422888
350.209 0.00528273
307.933 0.00454534
324.959 0.00532537
327.932 0.0377839
317.648 0.00800579
298.341 0.00458976
290.194 0.00582124
251.978 0.00563544
324.299 0.013745
296.635 0.0379007
268.39 0.0187713
238.409 0.019234
238.586 0.0257409
270.718 0.00758231
217.836 0.000908456
271.513 0.0134114
208.236 0.0104568
206.255 0.0413205
181.917 0.0107658
256.087 0.0131974
185.115 0.00129049
201.838 0.000739494
242.559 0.0106154
204.632 0.00199428
200.943 0.0190009
194.321 0.023882
176.4 0.0135134
174.748 0.00430499
168.817 0.0105613
181.689 0.00722373
175.094 0.00175579
169.327 0.00540145
183.694 0.00226151
178.153 0.000130526
191.858 0.0133038
260.634 0.00605769
1004.87 0.488064
825.048 0.0729063
857.606 0.159203
710.738 0.00563896
986.656 0.0135068
560.569 0.035051
597.404 0.143727
746.865 0.00775507
549.977 0.0324632
510.476 0.0188016
477.584 0.0436527
508.569 0.0356127
544.028 0.0182946
419.973 0.00368945
449.465 0.117749
490.345 0
511.366 0.0294373
410.746 0.1625
437.482 0.0954769
433.335 0.0151438
418.837 0.011256
419.321 0.0347788
409.712 0.0601338
424.153 0.0619666
413.533 0.0263254
382.876 0.0364199
400.152 0.00564688
344.638 0.00691178
350.904 0.0256278
352.536 0.0163868
336.662 0.000600316
370.182 0
249.421 0.0208153
297.733 0.0131185
301.913 0.00414217
345.262 0.00578713
336.561 0.00817469
244.996 0.0136825
254.406 0.00689602
208.518 0.0218947
262.104 0.00150889
230.057 0.004154
264.366 0.0210725
190.753 0.023388
253.381 0.0111895
204.829 0.00196606
226.051 0.00302824
206.53 0
220.338 0.00862197
205.191 0.023511
252.584 0.00832025
200.282 0.0171891
194.413 0.00528203
151.835 0.000596075
189.399 0.0257673
157.156 0.0131407
180.868 0.00592646
199.301 0.000359288
196.747 0.0125198
176.58 0.00121978
187.18 0.0041575
188.943 0.00792582
147.904 0.00188737
204.616 0.00947911
1218.49 0.0133147
796.408 0.0131225
922.232 0.012003
995.895 0.102706
1007.59 0.0815763
973.471 0.0134424
838.709 0.082816
929.165 0.00658016
568.897 0.00876938
544.105 0.0230912
622.181 0.110535
568.47 0.0322394
519.063 0.0457494
507.605 0.0479848
627.443 0.0242485
398.653 0.0115916
450.397 0.0157299
448.48 0.0313163
441.128 0.062877
385.977 0.021853
372.619 0.00508895
374.864 0.00771593
409.33 0.0488965
392.06 0.00473102
401.769 0.0650026
358.904 0.0379418
422.877 0.0564785
344.25 0.0149906
328.328 0.00576113
365.934 0.00601613
344.761 0.0164361
363.668 0.00301101
351.281 0.0273031
310.324 0.00412046
296.982 0.0107577
281.544 2.57204e-005
239.294 0.0469302
259.001 0.00735718
318.359 0.00481453
235.938 0.0170581
286.71 0.00266075
253.835 0.0607267
212.429 0.0231415
189.435 0.0202806
229.846 0.00421727
301.38 0.00214588
209.215 0.00892544
226.755 0.00263731
185.761 0.0272977
189.286 0.0384934
209.145 0.0113176
194.25 0.0106572
180.48 0.000226084
195.663 0.0103094
171.266 0.00556771
245.946 0.00876436
207.818 0.0109711
228.517 0.00761149
160.694 0.0168468
167.771 0.0116276
148.666 0.00266782
236.123 0.00479453
147.642 9.66406e-005
175.923 0.0376264
1372.45 0.0688802
781.147 0.0498678
647.995 0.114334
885.835 0.0278703
859.213 0.0200285
841.641 0.00610925
795.986 0.0228158
535.776 0.00089108
641.11 0.0507355
592.455 0.00110148
538.249 0.000714014
557.64 0.0332788
454.418 0.0119264
412.62 0.0163935
486.268 0.0420817
416.485 0.0240103
501.322 0.0249774
369.052 0.130187
446.038 0.0553453
377.56 0.037791
375.584 0.0428642
385.112 0.0299576
398.906 0.0603655
340.801 0.0434097
394.196 0.00473168
398.356 0.0435559
323.554 0.0431413
343.144 0.00343671
339.171 0.0382026
330.279 0.00761199
345.799 0.0239973
324.13 0.0128746
304.183 0.0640834
261.049 0.000964929
320.141 0.00623427
287.117 0.0172366
258.609 0.00900628
264.611 0.00183942
233.861 0.0196949
221.021 0.0110746
255.341 0.0180585
263.16 0.0267308
231.23 0.0216207
249.053 0.0379785
217.1 0.00667422
253.659 0.0208645
245.374 0.0090496
193.91 0.00488763
290.06 0.00100218
209.313 0.00338291
171.387 0.00908013
180.944 0.0176125
180.356 0.0223481
157.296 0.00987173
173.092 0.00159479
161.938 0.00753154
195.821 0.00271022
187.63 0.00747216
213.373 0.000417325
177.693 0.0170065
142.361 0.00330763
186.414 2.22877e-005
150.828 0.0116914
203.113 0.00270702
1183.21 0.00284046
789.256 0.00430291
865.974 0.108858
796.881 0.0153261
807.495 0.105319
626.176 0.0304201
649.466 0.0299184
721.442 0.0450185
656.578 0.0283945
521.003 0.0100424
534.405 0.00268475
505.939 0.05191
514.238 0.000321863
443.328 0.0179879
520.46 0.0601801
392.513 0.0520324
376.353 0.0179581
438.025 0.0615352
342.996 0.00614174
420.545 0.0507134
344.63 0.0247192
429.618 0.00719914
414.515 0.014726
382.796 0.0205614
355.04 0.0269288
401.59 0.0098668
388.658 0.0182762
367.048 0.00047404
343.821 0.00207849
367.311 0.0491386
351.788 0.00383876
272.058 6.47363e-005
289.329 0.000992799
259.867 0.00574819
312.671 0.00403759
290.731 0.0270517
284.844 0.0124866
272.512 0.00908418
280.375 0.021713
240.237 0.000322021
253.311 0.00771112
210.723 0.0353157
234.008 0.00473687
207.183 0.0060558
213.444 0.00299069
172.568 0.00736968
177.31 0.0312765
207.799 0.0151233
174.205 0.0100615
179.654 0.002764
163.207 0.00380754
165.536 0.00746979
149.81 0.00836258
153.117 0.010897
183.323 0.00579208
150.323 0.0190107
173.508 0.000830714
144.242 9.95809e-005
169.136 0.00508633
164.234 0.0262662
168.001 0.00314081
163.074 0.000990893
194.768 0.000866039
216.83 0.0114548
1043.97 0.047412
844.681 0.0215442
888.753 0.0182805
1065.63 0.0872829
915.753 0.00659901
650.729 0.00520247
539.735 0.0506084
685.664 0.0402993
656.17 0.0978621
465.851 0.0360456
471.108 0.0824067
414.812 0.109196
373.379 0.103195
465.594 0.00618119
433.78 0.0472414
377.403 0.00977416
346.467 0.0436379
366.799 0.0255638
375.792 3.88909e-005
308.124 0.0575353
316.864 0.00970081
363.097 0.0135907
363.872 0.0154353
426.755 0.0314373
373.535 0.00079864
359.449 0.000277789
383.238 0.04103
323.061 0.0155659
370.351 0.100771
314.718 0.0476902
329.324 0.00214327
287.447 0.0350946
303.212 0.00052088
273.473 0.00311099
265.681 0.00492154
257.66 0.00951338
284.241 0.0026087
262.733 0.00219536
278.527 0.00941731
246.208 0.0246171
243.412 0.00255761
213.599 0.0428965
212.604 0.000244867
190.046 0.00631955
218.216 0.0122307
169.421 0.0246572
207.989 0.0140551
167.256 0.0186569
171.554 0.00360955
158.414 0.0073474
205.195 0.0169953
194.637 0.0353738
150.644 0.016362
183.814 0.00229342
153.92 0.00686781
151.895 0.0093702
153.048 0.00380513
226.233 0.00998915
150.236 0.00981295
192.941 0.00306985
151.575 0.00713192
163.941 0.00415667
151.264 0.00132603
160.395 0.00464289
1172.11 0.0369811
962.054 0.00850806
915.938 0.041668
946.502 0.151234
915.704 0.00593401
601.166 0.0403542
529.186 0.00255239
557.725 0.0651595
507.916 0.0201692
557.916 0.0875186
462.823 0.0679427
466.129 0.0518698
467.426 0.021492
503.413 0.012907
373.008 0.0813309
407.188 0.0368384
410.184 0.0135508
394.89 0.0362479
394.461 0.0248081
327.618 0.000217996
324.763 0.0144604
270.337 0.0155431
348.887 0.0236064
395.593 0.0335841
330.555 0.00656011
308.551 0.0197274
275.617 0.032734
298.292 0.0173268
306.928 0.000125058
288.629 0.00189019
294.71 0.0185168
264.345 0.00707288
283.928 0.0416141
231.817 0.00309802
294.206 0.020248
259.619 0.0120529
263.727 0.00300092
232.793 0.0341519
223.145 0.000486681
216.552 0.00322999
239.307 0.0361965
215.045 0.00108625
202.531 0.00952396
214.775 0.0109529
193.771 0.00256711
166.455 0.011008
189.518 0.00419746
167.964 0.0160467
206.184 0.00741664
173.386 0.0106826
208.743 0.0131182
165.508 0.00484359
175.033 0.0285204
177.648 0.0139417
153.118 0.012507
156.062 0.0095676
171.175 0.030527
159.935 0.0406691
184.534 0.00712874
149.679 0.00055582
160.713 9.14027e-005
137.028 0.00359163
178.097 0.0088684
165.612 0.00464831
1072.41 0.186927
907.385 0.043115
880.723 0.102422
778.259 0.0103338
1055.18 0.0955651
668.294 0.0665592
684.008 0.0015098
627.636 0.0278179
480.617 0.00676326
510.05 0.0598459
507.827 0.0201249
431.623 0.0539181
461.168 0.0293618
402.11 0.0244759
371.91 0.0718006
427.851 0.0030381
343.803 0.0154507
346.444 0.00362184
399.177 0.00613637
313.187 0.0197935
372.562 0.0390484
291.427 0.0805942
336.63 0.0201896
289.387 0.0071158
341.103 0.00851063
339.943 0.0392215
334.065 0.0452933
300.66 0.00460515
269.858 0.0222587
235.247 0.00179692
289.968 0.0436365
255.503 0.0117649
263.377 0.0194048
244.118 0.0294814
373.234 0.0120543
236.792 0.0171343
215.933 0.0247962
218.197 0.00134187
234.109 0.0206231
186.791 0.02565
217.933 0.0102919
208.361 0.000145189
180.033 0.0107053
171.131 0.0206364
193.821 0.0074508
202.141 0.0159166
236.641 0.0164718
148.125 0.00333548
153.372 0.0109219
152.068 0.00400518
154.409 0.000938875
149.111 0.0130139
166.086 0.0104366
200.19 0.0233706
165.032 0.00441456
171.838 0.00534525
148.443 0.0153091
140.103 0.0010295
159.293 0.0157056
150.572 0.000521582
178.741 0.016501
149.533 0.0217056
171.151 0.0162687
196.862 0.00846543
1406.73 0.0710678
838.04 0.0464442
762.512 0.0156526
571.131 0.0334829
775.698 0.0988375
659.337 0.010053
770.962 0.0448717
514.056 0.046741
506.447 0.00935677
549.609 0.0114489
512.273 0.00694931
434.941 0.000907881
389.678 0.0317639
325.065 0.00766098
389.675 0.0248351
344.841 0.0616618
324.647 0.0609445
375.052 0.0453313
346.263 0.000845515
306.98 0.00140248
277.877 0.0121571
289.491 0.0242226
280.51 0.00391418
278.179 0.00847973
263.244 0.00483333
294.344 0.0273841
309.769 0.000279817
253.955 0.00592002
260.181 0.0133259
260.819 0.0106753
259.07 0.0214017
290.651 0.015125
224.946 0.0327696
233.537 0.0110893
215.586 0.00597953
254.594 0.0208394
200.543 0.00304657
194.159 0.0220582
227.668 0.0143708
246.995 0.00908165
204.216 3.95982e-005
236.059 0.00674788
195.246 0.00689312
221.814 0.03178
201.925 0.0230913
199.07 0.0263735
184.93 0.00334786
193.479 0.00390789
186.221 0.0289831
255.35 0.00440218
168.743 0.00300861
156.478 0.0268462
148.615 0.0037224
150.562 0.00836448
142.886 0.0117405
197.402 0.00677026
171.76 0.00205394
174.736 0.000987378
174.54 0.011404
134.15 0.00825636
164.934 0.0255316
142.601 0.00371993
145.624 0.00297494
153.711 0
1333.38 0.0796898
846.133 0.0257432
772.643 0.0718752
623.112 0.0548283
580.251 0.0412607
551.415 0.0468356
671.37 0.0651945
626.766 0.00709808
632.199 0.065961
392.071 0.066734
389.014 0.00862296
328.136 0.00977224
396.293 0.00724667
302.145 0.00845397
328.252 0.0891562
333.957 0.0208153
317.078 0.0502525
329.423 0.0224944
345.882 0.00378494
349.387 0.0207379
362.998 0.0144307
293.778 0.0090864
336.487 0.0426708
338.096 0.0045424
317.484 0.0164816
243.169 0.0224296
262.046 0.00257415
222.071 0.00589161
233.626 0.0100488
256.267 0.0242381
213.559 0.00629152
281 0
241 0
285.695 0.00522802
261.401 0.0219857
242.245 0.0114675
241.96 0.0100314
250.634 0.0205188
211.929 0.00264272
230.773 0.00631239
179.886 0.00225256
193.653 0.00193851
180.4 0.0153289
185.505 0.0226095
203.153 0.0154737
165.883 0.00169893
181.298 0.0106413
176.77 0.00862197
213.518 4.44089e-016
156.262 0.0140281
133.997 0.00615716
155.824 0.012216
153.693 0.000298796
160.74 0.0013457
184.741 0.00110125
161.747 0.00382769
127.467 0.00351242
126.922 0.00342696
135.735 0.00560428
159.026 0.00350745
232.483 0.00418529
136.866 0.00361822
166.046 0.00257949
156.861 0
1314.03 0.0666499
705.807 0.029533
957.768 0.0129098
971.255 0.0298442
839.736 0.0275717
582.148 0.000388924
664.765 0.0580522
546.168 0.0279763
574.333 0.00118732
418.317 0.0202375
442.919 0.0179866
356.114 0.0097267
346.455 0.0109189
366.581 0.0108419
366.123 0.0287035
369.412 0.0270151
428.991 0.0108276
356.41 0.0366954
328.424 0.0215469
302.824 0.001569
331.716 0.0252946
267.202 0.00109689
293.927 0.000515047
317.284 0.0941225
280.793 0.0242778
236.792 0.000167187
266.357 0.00421987
254.464 0.0262808
226.624 6.06064e-005
246.743 0.016845
256.05 0.00578438
267.118 0.0137985
251.6 0.00875541
265.955 0.0230543
228.104 0.00884064
234.113 0.00470376
223.509 0.00147727
237.636 0.0267594
214.899 0.00506343
217.706 0.0235263
221.014 0.00423493
196.505 0.000486696
215.198 0.00978295
206.132 0.0266577
186.998 0.0239977
187.323 0.0187427
199.1 0.00229537
170.68 0.00268559
141.805 0.012134
158.045 0.0106451
169.062 0.00313013
136.947 0.00813011
156.424 0.0282216
143.99 0.000138413
133.495 0.0221919
139.76 0.00734815
136.571 0.0100031
135.082 0.00200586
143.106 0.0146224
127.919 0.00156977
147.569 0.00346334
163.531 0.0063104
202.503 0.0161732
182.467 0.0132478
1278.72 0.0456354
1027.58 0.0203601
979.198 0.00319397
698.894 0.084148
720.099 0.000671354
588.915 0.0295727
704.911 0.0374246
451.194 0.0785564
591.554 0.0428468
527.562 0.101089
436.377 0.00470317
370.554 0.0270299
390.03 0.000123115
334.976 0.00821951
337.477 0.0246948
377.346 0.0140247
363.014 0.0278535
299.44 0.0155624
314.209 0.00876193
294.357 0.024513
244.756 0.00135285
287.651 0.00425338
296.59 0.0348295
283.544 0.0176009
279.855 0.0325887
288.982 0.0135346
200.289 0.00193693
235.072 0.0277899
198.892 0.00307014
195.726 0.0287164
219.849 0.0501834
275.435 0.000936074
230.26 0.00858149
214.06 0.0239326
206.209 0.000822165
218.343 0.00878192
188.827 0.00279732
215.541 0.0194789
201.466 0.011076
180.938 0.010799
205.913 0.000901691
207.87 0.00476798
231.396 0.000307093
191.181 0.00848565
172.358 7.98015e-005
187.167 0.000214962
169.874 0.019944
172.236 0.00358803
171.256 0.0152468
138.244 0.000525441
170.326 0.00099697
161.943 0.00532483
137.24 0.000464351
135.691 0.0122565
141.249 0.00190559
131.078 0.0025142
136.109 0.0049186
157.32 0.00105144
130.299 0.00164288
139.582 0.00291231
115.507 0.00281367
114.321 0.000493578
128.489 0.0375219
174.067 0.0333371
1429.32 0.0184414
789.672 0.0201514
787.132 0.0377345
672.605 0.00343704
531.436 0.00501213
611.265 0.0427021
456.999 0.0215649
549.749 0.0113177
555.555 0.0366531
560.987 0.0221344
543.999 0.0151436
374.862 0.0190842
413.391 0.000880371
321.153 0.0227532
320.329 0.0509003
330.901 0.0864208
353.819 0.0101678
279.642 0.00893508
250.81 0.0419779
309.411 0.00215248
362.082 0.0188667
318.006 0.0191614
217.261 0.0189799
275.447 0.00584579
231.563 0.0192595
260.184 0.0115069
206.948 0.0107608
222.041 0.0675565
200.49 0.0219985
183.702 0.0134755
205.476 0.00823949
196.237 0.00384684
237.628 0.0085356
224.671 0.0198579
221.584 0.0437772
219.172 0.00593457
186.069 0.0218772
195.637 0.0203219
181.268 0.00548033
165.68 0.00958235
169.865 0.0128819
177.302 7.1287e-006
174.791 0.00268728
170.857 0.00401971
201.941 0.00910717
180.719 0.00780353
179.586 0.00219294
173.401 0.00855704
169.552 0.000261073
166.459 0.00181086
204.449 0.00131063
121.208 0.00105282
148.345 0.00586915
134.511 0.00735347
137.668 0.00710554
138.348 0.00846497
146.563 0.000591274
138.696 0.0161714
128.774 0.000787918
148.858 0.013365
122.456 0.0115628
135.512 0.00988229
142.456 0.0013474
172.703 0.000314986
1106.34 0.0113791
541.172 0.0106719
676.57 0.0316254
608.201 0.0154421
534.517 0.011217
501.76 0.0603644
631.004 0.0146446
459.239 0.0498598
449.528 0.0872141
477.992 0.0367039
404.972 0.0130843
333.74 0.010626
316.295 0.0045949
342.756 0.0561706
354.919 0.000531511
269.679 0.00502421
304.473 0.00742646
312.067 0.0408501
265.748 0.0322947
281.7 0.0069685
274.012 0.0195528
303.082 0.0212263
297.671 0.0116987
204.258 0.0317353
208.573 0.0817034
215.424 0.0192981
210.251 0.0207808
248.395 0.000601307
200.323 0.00736739
179.126 0.00896414
188.243 0.0173725
212.566 0.00502697
192.216 0.00768128
208.301 0.00885702
187.028 0.00341774
178.828 0.0135796
161.137 0.00276958
171.621 0.000606662
177.156 0.00177049
240.175 0.00955566
206.909 0.00253491
166.42 0.0162876
171.535 0.0042485
163.268 0.00476602
206.516 0.0197684
168.735 0.0155681
157.878 0.0286275
188.436 0.00767129
144.687 0.00187438
146.24 0.00539411
162.61 0.00360048
135.714 0.000499545
186.054 0.00581867
137.645 0.00994401
192.906 0.0097677
134.362 0.0111506
154.272 0.00174995
124.583 0.00860014
154.808 0.00163655
113.567 0.0120418
158.437 0.0022279
121.87 0.0194303
115.375 0.00778894
159.022 0.00361509
1181.03 0.078366
725.122 0.0179455
589.995 0.025796
706.596 0.00525339
601.911 0.0875597
543.16 0.0407733
551.65 0.0392025
591.702 0.0144555
474.828 0.0492147
409.152 0.0336696
429.77 0.0170063
396.718 0.00461675
425.783 0.00402888
293.389 0.0303199
416.311 0.0322256
309.699 2.9917e-005
296.082 0.0090588
351.861 0.00454158
232.536 0.0139684
234.682 0.00697639
265.129 0.00174733
261.885 0.0199239
301.86 0.022947
245.087 0.00942066
240.618 0.0404492
221.598 0.00434445
232.016 0.00288235
191.833 0.0029951
170.873 9.35898e-005
182.575 0.000205619
153.408 0.000633215
172.977 0.00110468
172.319 0.00562983
200.108 0.00221419
195.325 0.0234152
185.653 0.0155367
158.008 0.00116007
159.979 0.0299284
149.116 0.000232248
148.207 0.00150634
173.934 0.00110922
174.805 0.0196511
203.995 0.0352096
177.636 0.00939656
164.225 0.0149877
145.896 0.00752044
180.036 0.0184788
180.21 0.00888775
153.867 0.0155795
138.562 0.0108451
146.131 0.00886544
124.86 0.00188718
150.207 0.000478674
156.042 0.00325018
135.189 0.00258968
143.379 0.00252721
121.851 0.00176086
134.104 0.00265799
144.514 0.00143602
129.043 0.0110662
124.33 0.000769857
133.048 0.00174473
109.64 0.00537689
157.738 0.00556917
1305.46 0.0446132
759.214 0.0197065
802.127 0.0255419
708.734 0.111814
770.195 0.00300654
653.056 0.0229775
595.858 0.0704811
461.678 0.00911424
418.394 0.026832
352.333 0.0207569
383.462 0.0082656
347.914 0.0141112
391.959 0.000246825
392.371 0.00306071
332.178 0.0375442
351.143 0.0206669
335.808 0.00164772
288.305 0.0121431
321.414 0.0101428
223.443 0.00113816
257.827 0.0103403
305.043 0.0106282
218.458 0.0065716
203.643 0.00246133
226.472 0.00347706
247.96 0.0112946
234.111 0.0254264
181.537 0.0634687
200.547 0.0114485
155.907 0.0127635
174.85 0.0205579
167.746 0.00570823
169.742 0.00607672
154.643 0.0214159
210.08 0.00445568
150.08 0.0268666
160.438 0.0105272
154.677 0.00510441
163.082 0.00144297
159.032 0.0201595
165.447 0.00379337
165.612 0.0140195
176.358 0.0134112
167.932 0.000402721
143.669 2.23347e-005
150.083 0.0118539
146.518 0.0048693
161.529 0.0203767
134.827 0.000380012
126.586 0.00330378
128.498 0.000145634
136.193 0.0232635
126.814 0.0110751
151.937 0.00284843
149.179 0.00872386
140.33 0.0101498
127.055 0.00148372
136.337 0.00178058
116.592 0.00235091
126.696 0.00386658
117.152 0.00235598
141.423 0.00270731
102.326 0.000627191
150.162 0.0176561
1244.42 0.151169
727.394 0.0489626
769.853 0.0396642
644.11 0.00356679
667.279 0.0174973
576.458 0.0402357
587.501 0.0622226
385.946 0.0317828
419.893 0.0233665
486.165 0.0168045
512.652 0.000524124
380.167 0.0262298
355.681 0.00620837
343.404 0.0459841
317.866 0.00246384
325.021 0.00106956
352.191 0.00568995
261.238 0.00235249
271.673 0.0101932
227.841 0.00645878
222.308 0.0323319
214.035 0.00744668
181.23 0.0179098
200.597 0.0177449
196.94 0.00997604
199.362 0.0187991
203.236 0.00345404
169.847 0.00599182
186.077 0.00603368
192.566 0.00561311
176.369 0.00341623
154.814 2.45294e-005
168.216 0.00359224
147.713 0.01246
144.241 0.00547772
151.586 0.0010285
139.292 0.00949008
171.137 1.17788e-005
148.535 0.000875852
157.596 0.0102638
142.766 0.0269764
135.219 6.6686e-005
132.886 0.00878034
154.433 0.0105395
144.887 0.00656018
124.298 0.000160668
120.43 0.00338283
159.326 0.00482665
111.964 0.00134112
169.344 0.00802811
120.558 0.000902861
160.625 0.00427136
116.304 0.00396058
128.699 0.00128244
125.701 0.00173355
121.259 0.00544239
129.391 0.00129861
125.212 0.00507998
136.14 0.0209395
130.898 0.0075438
121.516 0.00323687
108.709 0.009651
153.605 0.00610425
174.194 0.0149698
1294.4 0.0220054
501.197 0.0512409
803.708 0.0141997
579.412 0.00414213
531.29 0.0148446
465.234 0.03576
488.359 0.00733448
375.768 0.025002
414.064 0.00974825
576.028 0.0060648
417.955 0.0692799
518.486 0.00596346
362.654 0.00430703
382.456 0.0115157
313.983 0.0397991
284.685 7.10543e-015
291.999 0.0208153
259.807 0.0196647
232.481 0.0102357
268.739 0.0340933
243.208 0.0182665
221.022 0.0508169
241.282 0.0172199
202.574 0.0199315
242.027 0.0039046
217.271 0.00855738
170.85 0.00150662
195.774 0.00347314
176.387 0.00845662
143.723 0.0351682
175.835 0.00570501
149.53 0
148.74 0.0294373
191.49 0.0176416
149.985 0.0243949
166.663 0.0313772
160.861 0.00856153
166.809 0.0155537
193.963 0.0186534
136.843 0.0080499
150.958 0.00793653
148.821 0.0008378
183.758 0.0415593
147.86 0.000439583
161.21 0.00335123
180.381 0.00670157
124.409 0.00665182
154.371 3.55271e-015
161.463 0.0208153
143.625 0.0046715
131.766 0.00574094
132.797 0.0037298
135.133 0.00722989
126.19 0.00231768
139.704 0.0133
115.249 0.00256588
123.32 0.012343
131.448 0.0032582
105.491 0.00626194
121.134 0.00671999
103.317 0.00371798
135.057 0.0034896
116.541 0.00686141
156.657 0.0074857
1219.51 0.0382142
710.743 0.00802268
659.508 0.0449252
479.45 0.0178489
454.024 0.0160163
588.819 0.00128414
621.487 0.0351775
649.301 0.0273071
566.052 0.00899924
369.261 0.0539344
571.626 0.0143327
334.662 0.00283466
439.814 0.0260368
343.014 0.00876364
333.276 0.0262783
391.638 0.00318469
298.736 0.00683818
263.179 0.00129726
230.028 0.0621579
234 0.00594043
232.071 0.0579025
255.436 0.0173768
219.874 0.0134016
221.559 0.00104013
227.405 0.00746084
207.934 0.00876131
220.781 0.00702353
153.633 0.0105635
154.653 0.00135686
167.392 0.00886671
187.516 0.00627994
187.733 0.0196676
142.269 0.00610155
164.293 0.028155
185.904 0.0414876
140.408 0.0171866
146.34 0.0102776
187.672 0.0010085
156.735 0.020363
145.304 0.0136945
140.179 2.75153e-005
196.96 0.0152567
161.948 0.00981246
114.753 0.00123007
138.246 0.00165703
162.385 0.0117695
154.317 0.0174574
135.584 0.0017063
123.518 0.00110003
135.983 0.0128841
119.976 0.0107048
122.828 0.00684346
148.688 0.000971803
113.741 0.00860417
153.045 0.000468521
95.5051 0.00920899
115.186 0.00337943
98.8121 0.000669289
131.485 0.00364578
115.312 0.00656985
99.4516 0.0209648
96.4902 0.00249186
102.693 0.00264889
131.536 0.0092262
1456.8 0.35563
588.044 0.0056552
615.341 0.0124354
769.302 0.0106035
720.249 0.0270038
556.477 0.0144336
530.625 0.00410034
411.652 0.0168705
480.043 0.00425923
358.959 0.0205185
378.322 0.0112012
392.099 0.00911943
412.546 0.000995696
346.86 0.0216434
360.735 0.00743577
216.417 0.00646567
324.506 0.00207939
269.356 0.048601
207.826 0.0010036
205.38 0.0556732
220.774 0.0112099
212.538 0.00110469
196.447 0.00673823
189.534 0.0377143
213.487 0.00062643
174.914 0.0311826
168.454 0.0452659
163.114 0.0246809
148.886 0.0251061
152.639 0.00513552
192.683 0.0203763
155.881 0.0195611
157.376 0.0124643
151.254 0.00484208
146.208 0.0219391
149.599 0.00580215
152.258 0.00342268
151.081 0.00276698
158.228 0.0116592
126.954 0.00153391
155.615 0.00838753
189.44 0.00979295
143.678 0.0201897
185.16 0.00718851
117.3 0.00122305
139.84 0.0128307
154.225 0.00127787
118.133 0.0114176
122.713 0.0381512
133.124 0.00215073
148.259 0.0103236
132.254 0.000385753
119.854 0.00711647
109.921 0.00735373
128.136 0.0340002
118.143 0.0101051
113.262 0.00717143
92.6208 0.00375505
100.598 0.00961037
110.48 0.00902488
99.7202 0.0030443
97.1804 0.00257776
138.928 0.0122036
153.371 0.00759355
1409.22 0.166041
932.222 0.0276589
647.19 0.0128695
614.456 0.0390943
870.044 0.00229648
417.592 0.00754825
493.329 0.0162469
404.431 0.0526703
388.522 0.0211531
411.948 0.0130497
477.939 0.0083582
440.167 0.02916
398.352 0.00432099
287.044 0.035515
390.599 0.00628168
277.149 0.00560186
260.153 0.0208504
219.179 0.0381849
223.731 0.0183476
190.436 0.0144831
219.77 0.0318391
170.29 0.017423
167.157 0.0010604
172.008 0.0068695
179.06 0.0112807
171.886 0.00372518
181.638 0.00135371
142.506 0.0277131
143.966 0.000887386
178.053 0.000604677
187.284 0.0087515
155.062 0.0240388
158.643 0.0117126
152.11 0.00331316
179.748 0.00498652
139.934 0.00503411
126.368 0.00401512
129.29 9.52435e-005
142.921 0.00314338
158.432 0.00586256
135.755 0.0024775
121.854 0.000129611
156.785 0.00533078
145.817 0.00788211
128.385 0.0136892
127.719 0.0154313
116.267 0.0171097
115.98 0.0125369
127.613 0.00107185
144.3 0.00117036
124.636 0.00013442
126.038 0.00691763
105.559 0.00261403
111.408 0.0139744
128.887 0.00174918
126.967 0.00685859
109.286 0.00456009
108.499 0.000654155
93.1289 0.00391162
115.275 0.00930799
115.753 0.0137831
122.838 0.00215065
134.6 0.00113174
149.522 0.000401904
1111.51 0.0167433
616.818 0.00129809
563.356 0.017076
619.432 0.0382042
513.961 0.00047804
541.143 0.0165394
535.077 0.0327052
394.313 0.0489732
477.388 0.0130986
464.692 0.00189765
392.099 0.0277276
438.36 0.00140613
363.798 0.00591646
278.196 0.00957798
331.188 0.00412586
388.45 0.00151179
253.883 0.00340729
258.869 0.0319993
263.028 0.012744
254.965 0.0303052
283.76 0.00705053
211.748 0.0157754
218.385 0.0294896
179.607 0.0355995
192.886 0.0164647
189.654 0.0040625
163.335 0.0167645
183.705 0.00685263
220.577 0.00735488
160.347 0.00288924
146.127 0.00540926
134.945 0.00525768
154.653 0.00942323
194.976 0.0100387
149.761 0.00621798
159.407 0.00314187
151.132 0.00178805
134.064 0.0148241
143.945 0.00370807
155.572 0.0142166
153.149 0.00596001
158.798 0.0115003
142.079 0.0154332
169.734 0.00247797
113.107 0.00304666
126.439 0.0169371
119.047 0.0055158
105.723 0.00863886
151.191 0.00606947
123.132 0.00239298
129.733 0.0226104
109.012 0.000576837
130.609 0.00841834
106.534 0.00163164
131.086 0.0102301
107.676 0.00684104
108.311 0.0170368
104.531 0.00219931
111.109 0.00630626
127.188 0.00397168
119.253 0.0159141
128.872 0.00586774
115.546 0.00148061
173.86 0.00396198
1008.55 0.0228803
566.09 0.00685793
489.748 0.0593571
587.982 0.0499316
713.801 0.0266339
463.823 0.00694483
478.968 0.017805
440.45 0.0214574
425.672 0.0378581
393.488 3.93156e-005
381.027 0.0330278
350.06 0.00263645
456.802 0.00902147
291.437 0.00515393
304.901 0.0433796
283.295 0.0187626
261.975 0.00124352
237.208 0.00584576
280.29 0.00552992
211.96 0.00478211
201.928 0.0552732
207.21 0.00180589
250.372 0.0148694
187.946 0.0102306
208.846 0.00535934
201.399 0.0619733
146.7 0.00168686
185.642 0.0208407
184.889 0.00935121
146.629 0.0061832
199.762 0.00136871
135.737 0.00512267
174.473 0.00600411
127.506 0.000596656
138.887 0.0100902
150.959 0.00342919
207.423 0.000148148
146.959 0.0155037
166.485 0.0155682
148.656 0.0177903
132.081 0.000770203
157.767 0.00845496
134.235 3.96312e-005
117.365 0.0181811
122.254 0.00809325
110.405 0.00312016
129.319 0.0148854
94.3056 0.00189511
106.308 0.00656066
134.341 0.0137053
106.495 0.000804444
102.054 0.00749285
121.255 0.00967762
96.639 0.0126037
106.557 0.00483241
108.597 0.0131693
115.82 0.00445865
117.207 0.00924788
127.039 0.000674664
106.063 0.00278426
125.931 0.00449188
96.053 0.00568378
109.513 0.0023881
123.596 0.0176456
1238.49 0.00907884
443.721 0.0176792
652.332 0.017968
609.63 0.0147151
544.094 0.014587
653.641 0.0144798
469.722 0.0322128
524.541 0.0161012
467.596 0.000949793
511.94 0.0145676
356.909 0.040166
494.8 0.101005
329.077 0.0106811
317.218 0.00673915
391.687 0.0439205
305.05 0.028742
240.537 0.0086313
256.901 0.0201528
279.343 0.00715716
180.662 0.00133842
207.243 0.0142213
231.452 0.0146105
244.248 0.0273988
204.675 0.0027048
211.446 0.00469111
166.005 0.00237549
161.863 0.000736126
155.617 0.00811905
152.47 0.00443941
148.625 0.0115551
161.273 0.00713452
162.138 0.000174987
146.33 0.00611745
129.198 0.00960017
173.838 0.00336605
126.771 0.00257472
155.978 0.00779412
119.508 0.00352808
127.597 0.00739295
139.073 0.0199697
129.48 0.00682632
105.322 0.00600193
144.77 0.00118402
128.234 8.97772e-005
134.934 0.00350968
123.883 0.00331332
119.299 0.0179835
116.294 0.00213259
113.995 0.00760361
157.598 0.000154505
99.3105 0.00476536
119.632 0.0069528
106.196 0.00247571
117.579 0.00623694
98.0791 0.00503906
102.469 0.00706931
104.658 0.0012483
138.96 0.0121671
98.7993 0.00135792
119.427 0.00638463
119.511 0.000857567
97.8474 0.0115668
141.214 0.00147539
141.591 0.00867109
875 0
599.086 0.0538732
578.928 0.0533717
523.435 0.016004
689.289 0.00494032
570.453 0.00292161
583.236 0.0101146
459.944 0.000141076
526.796 0.0192391
424.843 0.0177141
337.575 0.0163068
358.718 0.01053
387.566 0.000118282
327.105 0.0206806
330.905 0.00621567
304.287 0.00363444
263.351 0.0194657
203.932 0.00464471
215.902 0.00207118
213.804 0.00399606
201.412 0.0386688
193.083 0.0107687
190.299 0.000237611
198.69 0.0227808
188.317 0.00520443
161.646 0.00265116
192.184 0.00887835
161.291 0.0038514
173.359 0.0128103
141.193 0.00302017
162.555 0.00057218
142.325 0.000375954
171.289 0.0105225
158.269 0.000628239
136.293 0.00635332
140.007 0.00994886
136.3 0.00385531
127.28 0.00810692
146.836 0.00199289
125.69 0.0147223
123.738 0.0103506
130.056 0.0172377
161.209 0.00235625
106.786 0.00340525
133.129 0.00489359
120.164 0.00420028
130.973 0.00954256
122.365 0.00892346
108.607 0.000165051
122.051 0.00796021
99.9403 0.0013606
100.43 0.00428584
159.617 0.00219385
103.697 0.0115418
121.089 0.0156305
108.389 0.000308342
101.112 0.00235036
121.013 0.0116154
101.596 0.00489378
121.764 0.00803822
106.144 0.00401705
115.504 0.00239409
104.46 0.00668959
203 0
759 0
340.562 0.000968435
882.071 0.000178137
852.935 0.0260854
377.021 0.003885
444.905 0.0250121
581.494 0.0347632
367.24 0.0020503
436.132 0.00592369
468.371 0.00582264
386.537 0.0156742
460.655 0.0219863
458.354 0.00504487
280.791 0.0255752
302.886 0.0208854
302.421 0.0294373
278.551 0.0416306
229.417 0.00448139
254.446 0.00145663
197.626 0.0462073
218.634 0.00457706
183.731 0.00273921
201.988 0.000879789
223.14 0.00431188
228.195 0.0119339
188.858 0.025438
214.329 0.015643
169.451 0.0126141
154.313 0.00782301
155.053 0.0042446
148.875 0.000541952
140 0
243 0
147.08 0.015246
172.799 0.00605903
163.029 0.00576552
144.31 0.00134171
144.825 0.0287245
119.96 0.0203692
134.602 0.00361466
121.062 0.000616213
154.283 0.0174683
119.836 0.000731562
136.593 0.0109353
123.093 0.0250822
120.876 0.00466986
132.181 0.00557879
116.317 0.00862197
119.317 0.0208153
105.564 0.00064713
107.607 0.00172063
112.032 0.00133928
142.466 0.00225366
103.917 0.00275044
104.155 0.0103274
114.463 0.0387851
125.62 0.00521979
129.906 0.00150192
121.098 0.00641905
142.15 0.004694
107.773 0.000736196
131.414 0.00489236
76.3441 0.00236743
153 0
976.148 0.0981966
663.019 0.0105783
577.291 0.0185994
515.413 0.00533568
483.057 0.013017
613.729 0.0467658
443.348 0.0163955
423.954 0.029746
377.004 0.00931034
368.905 0.000549566
482.485 0.00591085
372.563 0.00657997
488.41 0.0623834
399.497 0.000537586
265.802 0.000555982
298.269 0.000237643
329.293 0.000432599
208.854 0.0120889
268.817 0.00949958
226.007 0.0571951
255.088 0.0042215
204.191 0.0188008
225.76 0.00896469
195.776 0.00140031
236.759 0.0214661
189.797 0.0197691
170.957 0.000356235
168.855 0.0401985
202.496 0.0188758
167.505 0.00778758
183.757 0.00815582
148.247 0.0104161
147.528 0.00862514
134.114 0.0186815
147.085 0.0194045
150.632 0.00845976
146.852 0.00523626
142.692 0.00479422
129.124 0.000201585
130.635 0.00926432
138.708 0.00985063
133.802 0.0639846
137.859 0.0133485
116.463 0.0086961
134.498 0.00297873
119.207 0.0129432
137.578 0.0392338
114.658 0.000637289
120.769 0.00551053
121.979 0.00432098
114.375 0.00289002
121.015 0.0105711
106.282 0.00623895
105.894 0.00623222
127.531 0.00113629
106.169 0.00216151
112.355 0.00331675
93.137 0.00441358
104.413 0.00123657
106.868 0.00551575
123.312 0.00830867
112.375 0.00733834
119.689 0.00188503
152.291 0.0162784
1173.31 0.0168817
711.242 0.00257427
565.385 0.0463364
595.397 0.0163591
528.998 0.000900619
509.209 0.00300694
486.985 0.0398858
525.763 0.0285888
407.908 0.0332167
558.968 0.000700352
385.257 0.0455257
490.403 0.0128102
314.734 0.0252359
301.889 0.00190826
319.401 0.0260629
259.797 0.00293131
325.716 0.000128376
261.237 0.0313169
251.935 0.00964214
208.586 0.000977824
204.657 0.0129736
210.514 0.0117754
182.737 0.0129768
189.427 0.00685209
214.739 0.00100438
209.832 0.00284764
183.688 0.0151992
212.186 0.00848975
174.016 0.0103212
191.615 0.00775973
208.827 0.00377012
162.267 0.0168826
166.864 0.0191259
155.235 0.00219717
147.669 0.00762607
166.638 0.00785959
142.339 0.0060814
145.563 0.00537167
138.486 0.00670306
104.636 0.00132791
122.987 0.0059131
108.076 0.00254391
117.104 0.0104347
109.362 0.00806673
127.344 0.00674539
135.876 0.000975695
152.933 0.00160417
114.036 0.0182854
119.38 0.00137842
107.831 0.00271245
124.474 0.0053405
101.074 0.027771
127.666 0.00215082
109.909 0.000527546
122.215 0.0133729
120.912 0.00150827
120.219 0.000328686
118.329 0.00180314
105.215 0.00601071
107.196 0.0162607
116.63 0.0107509
104.624 0.00706635
124.313 0.00647324
194.474 0.0117816
1089.74 0.0603949
609.267 0.0145547
402.071 0.0191393
503.433 0.0159139
626.833 0.0301419
454.747 0.00496946
521.412 0.0113498
562.881 0.00262871
456.307 0.0275888
405.462 0.00945944
400.827 0.0492188
368.714 0.0044
531.119 0.0112807
343.203 0.00993895
356.424 0.0120394
312.056 0.0076324
303.819 0.00255604
255.405 0.0327836
233.088 0.00269513
280.443 0.00220713
246.583 0.0136167
225.923 0.00633022
276.328 0.00335113
199.943 0.00311742
189.787 0.00278982
214.838 0.0106879
184.413 0.00850102
160.684 0.0111814
243.126 0.00185325
198.205 0.0333913
148.129 0.00411992
179.03 0.0212196
144.277 0.00320244
170.292 0.00459061
162.774 0.0081666
137.62 0.00401004
152.245 0.0139794
151.324 0.003942
131.989 0.00667243
157.041 0.00961776
134.205 0.0119386
112.936 0.00253336
105.195 0.00269928
122.32 0.000123454
122.565 0.00387294
120.622 0.0178327
112.956 0.0138534
121.181 0.00334422
91.2479 0.00138319
104.309 0.00247018
99.3314 0.011601
111.966 0.00298002
124.628 0.00467668
125.085 0.00445313
140.927 0.000990506
108.626 0.00935203
124.118 0.00403399
135.456 0.0047251
117.952 0.000259875
110.759 0.00475226
108.836 0.00602148
121.04 0.00346649
116.487 0.000660232
170.618 0.000605811
1326.69 0.0101613
637.372 0.0165984
772.524 0.0110857
579.204 0.0175381
521.895 0.000774941
416.224 0.0138284
426.69 0.055744
378.05 0.00741979
426.42 0.020327
374.758 0.0402489
386.305 0.00468173
334.939 0.00596153
335.862 0.00375418
338.373 0.0198149
368.211 0.00731261
395.439 0.0060118
246.986 0.0115602
230.203 0.00459008
338.09 0.00283554
189.117 0.00211993
220.578 0.0116886
212.31 0.0015796
188.806 0.00429613
201.395 0.0227903
215.102 0.0020226
162.787 0.00645935
236.201 0.00264974
163.382 0.00520556
190.01 0.00383363
173.25 0.00320257
167.421 0.00725358
161.135 0.00637452
148.39 0.0184041
173.143 0.00431139
158.283 0.00950994
145.302 0.00802508
138.625 0.00421125
133.387 0.00431531
139.785 0.0142654
120.322 0.00504165
129.932 0.0014949
129.93 0.00660195
133.424 0.0157176
115.713 0.0276976
95.6526 0.00367221
122.333 0.0357786
111.501 0.000863249
104.182 0.0035811
126.65 0.00592369
107.91 0.000917214
131.337 0.00267057
124.826 0.0194377
126.036 0.00434837
117.824 0.00157004
115.136 0.00257237
93.3136 0.0261081
124.228 0.00232593
110.196 0.000413858
105.008 0.0103239
124.005 0.00608178
112.018 0.00126862
132.184 0.00247456
97.3983 0.00778191
122.081 0.00105131
1212.11 0.00661043
638.543 0.00506047
592.553 0.0028985
545.312 0.00570369
838.25 0.00111056
467.107 0.0129616
490.037 0.00354699
466.787 0.0230223
429.983 0.0010544
494.361 0.00286815
386.178 0.0348192
362.625 0.0162214
454.988 0.0360411
326.424 0.00568112
306.508 0.00380242
334.601 0.0318525
292.726 0.00686213
239.313 0.0183726
214.9 0.0148556
208.862 0.0401285
242.369 0.00565665
217.549 0.0598143
221.432 0.0110944
279.024 0.00172932
216.339 0.00670881
175.766 0.0255753
226.419 0.0736443
225.006 0.000838004
169.649 0.00636476
188.159 0.0103662
154.582 0.00225299
178.399 0.0384591
170.615 0.0154915
141.554 0.0234129
168.692 0.023512
169.774 0.00990499
145.737 0.000960126
142.991 0.00219329
146.689 0.0138364
140.027 0.000282685
135.019 0.00216162
152.304 0.000221003
162.176 0.000852544
188.513 1.29902e-005
129.865 0.00031426
110.301 0.00237049
128.159 0.00216649
122.547 0.0108977
116.631 0.00458464
119.39 0.000431352
131.434 0.0152396
108.914 0.00404827
117.974 0.00672069
108.725 0.0172253
134.182 0.00208031
111.765 0.00290083
103.721 0.00733698
114.327 0.00759256
133.874 0.00954667
108.465 0.00459668
120.655 0.000389445
130.242 0.020099
111.006 0.0020818
135.557 0.00213493
1066.24 0.0524833
928.721 0.0243587
642.592 0.00629818
528.448 0.00785796
875.833 0.0193482
458.73 0.0129853
493.573 0.0579886
477.639 0.0373962
449.54 0.019259
404.047 0.0207152
486.449 0.00393879
390.16 0.00145505
361.198 0.00651043
259.78 0.0156283
382.298 0.00632179
313.565 0.00772409
310.837 0.0126302
244.425 0.0105445
322.888 0.00155293
242.128 0.000585684
228.831 0.0335479
231.164 0.0001803
256.831 0.000806243
172.612 0.0149631
209.97 0.00802384
183.782 0.0410918
179.432 0.0188513
198.431 0.0046875
195.529 0.0192038
167.671 0.0121677
198.457 0.00599272
167.89 0.00225768
169.106 0.0035791
152.442 0.00170987
158.935 0.0056018
159.378 0.0149189
154.484 0.0156825
145.84 0.00862716
139.182 0.00300337
147.12 0.00664225
125.224 0.000685921
120.651 0.0130612
128.56 0.00757727
137.93 0.000148427
119.614 0.00719603
120.345 0.0145092
132.958 0.00357004
136.503 0.019101
124.223 0.00708428
147.164 0.0143728
145.466 0.00108176
119.679 0.0121361
131.089 0.0336323
137.894 0.0186189
165.412 0.0184481
123.101 0.010692
120.188 0.0143802
108.15 0.00084846
114.673 0.00647576
137.278 0.00622927
113.461 0.0166795
114.646 0.00254918
114.121 0.00433974
122.662 0.0147487
922.901 0.0132717
570.911 0.00303682
555.717 0.00520172
763.06 0.0555761
625.161 0.093177
556.933 0.00371674
597.244 0.0375603
405.535 0.00503039
432.328 0.0201067
475.583 0.0336799
386.426 0.00873269
392.532 0.00483661
360.883 0.0362014
445.436 0.0107499
298.071 0.0120674
358.212 0.0136216
253.332 0.0140989
305.421 0.017503
345.071 0.00982445
230.817 0.00563213
242.892 6.97386e-007
273.158 0.0288895
290.773 0.000140937
285.927 0.0172472
233.057 0.0129204
236.312 0.00384307
204.867 0.0119383
194.687 0.00793425
242.305 0.0121006
190.024 0.000859775
191.17 0.0284801
183.005 0.00138195
177.403 0.00420893
187.642 0.00880828
147.507 0.0100524
150.736 0.0250813
143.481 0.0024494
161.452 0.00216581
136.957 0.00237527
120.193 0.00845611
149.832 0.00251386
136.014 0.0117019
137.559 0.00630103
115.411 0.00397417
144.465 0.0181091
114.582 0.00534313
141.85 0.00709783
137.403 0.0104502
122.252 0.00497537
134.613 0.0218776
134.803 1.93082e-005
139.469 0.0323633
125.636 0.00258688
120.377 0.00151119
138.838 0.00223433
123.881 0.00163216
132.713 0.0116501
115.869 0.00303427
123.377 0.0085867
127.814 0.0132978
120.602 3.58391e-006
131.034 0.00384994
124.768 0.000116333
151.765 0.000983263
656.719 0.0491902
578.484 0.0323763
735.737 0.00848941
719.871 0.0524859
511.099 0.0579063
609.434 0.0102038
775.434 0.00412823
692.173 0.0224701
416.307 0.00639298
389.059 0.0176986
422.624 0.00368345
382.007 0.000397929
362.446 0.0315139
350.249 0.0116087
397.534 0.0468838
320.815 0.0208153
335.572 7.10543e-015
227.857 0.0200912
261.334 0.0101156
220.715 0.0349937
234.706 0.0281084
219.861 0.0586923
289.324 0.00141336
287.601 0.00177012
199.06 0.00218057
284.877 0.00292644
178.129 9.7545e-005
204.274 0.000508614
207.131 0.000759365
199.265 0.00878881
215.834 0.0179541
167.584 0
207.936 0.0208153
162.619 0.0275271
183.779 0.000797445
167.333 0.0321693
161.689 0.00585502
181.628 0.00243578
131.123 0.00500257
135.486 0.00650244
206.641 0.00625995
180.379 0.00389726
145.315 0.00918232
160.237 0.000416888
153.044 0.0319833
135.997 0.0227123
170.352 0.0163112
118.806 3.55271e-015
156.676 3.55271e-015
135.725 0.00941986
109.307 0.000389811
115.039 0.0109405
127.461 0.00497614
124.421 0.00184776
123.711 0.00685168
131.175 0.00710296
125.296 0.00118161
132.579 0.000974044
126.102 0.0123557
118.794 0.00224941
135.958 0.00163213
121.338 0.0009847
103.497 0.00357133
123.136 0.00361466
735.168 0.016412
803.371 0.0217359
675.722 0.0229033
704.993 0.0093776
868.88 0.102541
558.329 0.0523825
502.105 0.0155605
464.657 0.0597763
472.636 0.0411025
468.41 0.0140658
498.871 0.0294783
346.145 0.0187048
408.129 0.023565
403.608 0.00463149
400.413 0.00668392
325.314 0.0021803
273.875 0.00810348
262.083 0.00454918
264.128 0.0549676
268.598 0.0238376
228.191 0.00407752
262.619 0.00640593
239.536 0.00826852
235.481 0.00502444
188.971 0.00558101
212.929 0.0145678
193.072 0.00547465
165.961 0.00185238
218.794 0.0047289
217.771 0.00665162
193.701 0.00560365
186.194 0.0108921
194.538 0.00165183
199.414 0.00261899
175.81 0.017702
148.035 0.00551133
160.697 0.00603521
144.619 0.0113248
157.011 0.00367955
139.449 0.00290088
142.863 0.00822513
171.086 0.0172806
180.003 0.00491629
152.722 0.0120543
140.51 0.00442837
144.591 0.00077476
157.673 3.7434e-005
123.136 0.00449596
155.435 0.0285613
132.822 0.0118038
174.291 0.00724025
136.582 0.00551987
148.242 0.0195628
124.686 0.00160438
122.585 0.00016455
112.431 0.0107176
116.283 0.00811008
103.969 0.00498327
116.263 0.000240166
122.203 0.00162268
131.259 0.000811325
120.294 0.0162943
126.407 0.00260216
134.615 0.00664028
629.387 0.0674516
943.335 0.00606174
930.724 0.0111521
631.738 0.0136677
726.63 0.168959
528.002 0.0154341
535.179 0.0156788
489.3 0.0162939
454.973 0.022314
459.558 0.00244004
435.506 0.00225963
478.465 0.00972495
409.852 0.00963737
378.789 0.130422
443.064 0.0096681
305.607 0.0145541
261.434 0.00536134
258.842 0.013301
308.49 0.00324355
287.768 0.00800692
255.871 0.00465426
292.559 0.0143506
222.493 0.00601462
235.496 0.0181365
258.768 0.0287549
210.472 0.0113303
304.63 0.000750188
248.528 0.00579771
231.099 0.00905754
198.068 0.012693
206.623 0.0105327
187.977 0.0622481
201.084 0.0192646
187.434 0.00380666
163.718 0.00822396
180.34 0.0152228
187.491 0.0182976
180.899 0.00575862
189.551 0.00829056
149.006 0.0445844
160.001 0.0194099
136.245 0.00502196
182.086 0.0154623
156.719 0.0100332
147.607 1.00254e-005
147.223 0.00991049
138.138 0.00779698
156.509 0.00674351
156.07 0.0119169
141.152 0.000238196
168.649 0.0205768
124.59 0.0143079
140.029 0.00273578
147.758 0.0146551
155.324 0.00454583
116.232 0.0142494
125.53 0.00143201
122.441 0.0115078
131.547 0.00749952
114.411 0.00650873
117.017 0.00685503
127.184 0.00483775
108.427 0.0156095
131.44 0.0132859
806.342 0.0593448
853.014 0.057213
612.871 0.00432342
672.272 0.031159
603.189 0.0336007
648.036 0.0431911
514.297 0.0330982
508.137 0.0502348
472.72 0.0625474
415.774 0.0493429
490.956 0.0239349
546.36 0.0410123
459.453 0.00432562
321.361 0.02295
390.055 0.00289824
356.603 0.0795328
383.637 0.0321483
339.046 0.000229717
291.27 0.00555932
383.299 0.0300611
285.844 0.0417654
252.305 0.00564159
298.825 0.00992275
238.549 0.004571
318.651 0.00811808
266.309 0.00884501
246.883 0.00718962
299.602 0.00935811
306.735 0.00538913
209.974 0.0200007
204.808 0.0173393
193.309 0.0188994
202.556 0.0539397
210.758 0.0103217
190.296 0.000799438
193.804 0.0114176
166.859 0.00601499
214.055 0.00229846
176.385 0.00846181
157.364 0.0175851
192.94 0.0332792
182.275 0.00785169
176.886 0.00188521
157.466 0.00419523
156.122 0.00190724
159.451 0.00424834
142.557 0.00582189
134.076 0.0192767
147.244 0.0274208
165.963 0.00205444
160.418 0.0170289
132.363 0.00192443
140.351 0.00136711
132.823 0.00301524
124.814 0.00380692
176.738 0.00399641
144.727 0.0224675
122.371 0.00205844
131.296 0.00288973
120.211 0.00199211
133.357 0.00495252
131.34 0.000627569
176.574 0.00113154
103.084 0.00842349
807.169 0.0211939
489.389 0.0293143
937.405 0.0185618
495.983 0.08049
561.134 0.00804027
480.45 0.0091956
618.254 0.0190648
481.676 0.0432736
558.869 0.00704095
399.353 0.00239799
476.269 0.00621079
421.813 0.0469319
450.781 0.00460798
342.3 0.0411393
391.818 0.0149326
327.983 0.00340296
376.029 0.0360968
391.592 0.0270098
357.121 0.00774852
296.4 0.0192953
369.405 0.0178755
257.576 0.0568202
364.326 0.00583356
251.083 0.00519802
390.314 0.0104357
390.348 0.00346889
225.472 0.00384976
332.805 0.0338088
233.726 0.00422692
213.646 0.00449288
247.751 0.0074967
253.275 0.00570243
182.318 0.00204086
219.456 0.0135081
173.946 0.000390914
180.648 0.0188577
165.878 0.0313991
187.133 0.00402316
175.948 0.0117721
207.168 0.0125245
211.626 0.00808084
213.061 0.000506996
214.578 0.00396799
163.788 0.000919518
212.781 0.00307602
169.551 0.0033677
170.773 0.00269807
166.93 0.0143887
157.281 0.00254762
154.969 0.00692432
130.774 0.0325645
125.997 0.0139396
159.358 0.000802562
135.548 0.0116732
163.163 0.00466186
140.256 0.0167985
145.636 0.0164537
125.496 0.00163074
118.71 0.000855854
122.817 0.00864739
137.888 0.000928627
134.42 0.0106451
140.651 0.0106894
124.45 0.00605673
784.189 0.021423
747.003 0.045389
662.46 0.0034779
570.392 0.00691781
678.013 0.019274
501.04 0.0241573
480.773 0.0140726
603.054 0.0154979
491.494 0.0358753
508.535 0.00217512
473.034 0.0349217
392.57 0.038735
453.876 0.0340198
457.977 0.022043
474.909 0.00403553
365.895 0.00807861
347.126 0.0216427
356.017 0.0193726
297.365 0.0163081
347.543 0.014119
375.817 0.00204431
424.713 0.0498696
323.103 0.010421
220.67 0.00735029
287.897 0.00981292
237.286 0.00637611
234.066 0.00201961
229.326 0.00751741
255.231 0.0100729
228.682 0.00600635
239.438 0.0299401
201.848 0.00213102
207.065 0.00652156
236.133 0.00240585
238.391 0.00874369
234.621 0.0131499
255.608 0.00218431
204.658 0.0231428
196.834 0.00361215
218.559 0.00117636
182.554 0.00516486
190.672 0.00876955
171.28 0.0294708
204.976 0.016242
218.315 0.0103179
181.113 0.00454428
179.371 0.00615342
185.997 0.00767791
195.566 0.006881
157.285 0.0137433
166.603 0.00502438
182.14 0.00840036
143.138 0.00686293
159.511 0.0314978
175.306 0.014991
131.405 0.0045912
152.661 0.0044894
139.267 0.00011637
147.683 0.0110863
131.541 0.00799131
136.516 0.00587065
143.833 0.0128779
120.849 0.0185017
115.688 0.0126401
1024 0.00758619
884.77 0.0963309
786.872 0.00282619
711.369 0.0113794
904.226 0.00280081
478.083 0.00303036
524.198 0.0250352
527.293 0.00125966
669.847 0.00312748
610.091 0.0185395
564.478 0.00524395
412.609 0.0143534
557.649 0.0135107
476.195 0.0374265
464.676 0.0402846
378.946 0.00547556
347.731 0.0161573
415.342 0.154972
299.922 0.0115394
358.977 0.00197542
334.384 0.0167125
379.457 0.0039726
358.525 0.00857461
295.575 0.0171225
348.344 0.0124139
237.594 0.00912114
278.422 0.0375079
255.316 0.0165004
236.794 0.0283656
244.051 0.0321267
272.155 0.00916482
235.214 0.00996319
271.859 0.00210084
255.041 0.00946277
248.754 0.00131797
251.857 0.000206006
250.502 0.0315467
207.183 0.00471455
215.617 0.0158988
197.644 0.00403054
214.963 0.0154851
198.571 0.00948358
247.83 0.00521074
180.985 0.0128948
191.961 0.00672611
174.747 0.0433238
208.736 0.0162455
185.622 0.00442639
199.961 0.00154448
155.042 0.00416844
156.453 0.0130352
171.61 0.0331165
128.185 0.0278972
146.826 0.000649337
138.218 0.00131833
144.508 0.00344509
140.621 0.00657821
140.198 0.0249743
128.029 0.00846651
139.148 0.00646352
126.148 0.00274437
129.102 0.00478215
136.07 0.00789277
122.352 0.0105713
791.978 0.0466812
889.258 0.0036446
906.949 0.151615
749.818 0.0599699
841.457 0.0337433
637.731 0.0302945
947.861 0.039503
532.514 0.0397703
581.863 0.0520581
436.374 0.0368026
544.022 0.0458694
495.519 0.0537496
487.341 0.031408
529.779 0.00583854
396.381 0.0570397
373.055 0.0208676
303.406 0.0453537
362.638 0.014822
426.341 0.0553491
340.802 0.00630762
452.306 0.0216001
322.01 0.0133413
307.339 0.00856687
293.671 0.00382421
314.988 0.00469717
361.623 0.0334
268.011 0.0405365
258.641 0.0113544
260.558 0.00177451
245.079 0.0293341
359.145 0.00811494
275.458 0.00626925
264.764 0.0133587
219.721 0.0131377
236.84 0.011343
261.127 0.00949395
267.698 0.0147921
253.456 0.0139539
243.072 0.0144588
236.514 0.00448604
245.87 0.0150107
254.617 0.00160432
239.099 0.000807586
200.79 0.000670071
215.737 0.00477118
215.892 0.0160166
157.454 0.00783341
156.227 0.0212591
157.294 0.000444783
201.4 0.00137196
161.13 0.00164
160.711 0.0212837
198.399 0.00543829
146.55 0.00120164
167.855 0.00074625
149.05 0.00250745
160.806 0.0179669
143.55 0.00402182
181.104 0.0101086
156.174 0.00188206
151 0.00249984
154.131 0.00433395
166.399 0.0120605
132.518 0
766.922 0.0142853
911.97 0.0379152
691.52 0.0385442
699.538 0.028081
645.219 0.00820008
746.805 0.0283335
636.229 0.0090081
502.48 0.0039974
582.393 0.035123
566.308 0.00592572
534.886 0.083072
432.916 0.0808881
407.051 0.0838975
622.476 0.0275248
437.392 0.00686057
419.032 0.0208153
404.981 8.88178e-016
426.489 0.0076092
438.602 0.0248427
382.598 0.056313
344.4 0.0241061
424.529 0.00456516
333.567 0.013107
295.443 0.0521372
364.487 0.00612871
281.072 0.00814817
296.862 0.0158836
314.433 0.0118431
317.16 0.00605793
266.425 0.00115167
263.662 0.00788073
342 0
336 0
284.609 0.0164378
295.505 0.102583
256.06 0.00881078
283.678 0.00336754
243.583 0.00169491
253.076 0.00364583
255.296 0.0136054
229.576 0.00455769
196.555 1.45957e-005
232.442 0.00494955
261.157 0.00562484
232.607 0.0167414
189.312 0.00413096
179.15 0.0262382
212.326 0.00862197
175.406 0.00505063
165.117 0.0042608
165.039 0.00314693
170.054 0.0299385
184.893 0.00697644
187.619 0.0154208
182.998 0.00120345
170.994 0.000506752
173.611 0.0149742
180.042 1.4829e-005
188.943 0.00660354
140.065 0.000645028
132.821 0.00450689
137.341 0.0143283
132.377 0.00207087
107.669 0
634.789 0.0420082
618.359 0.0574172
684.751 0.0311527
985.008 0.0506441
695.617 0.00764941
639.088 0.0086344
710.701 0.0214625
471.706 0.0466907
528.638 0.0979733
491.053 0.0106882
515.887 0.00677199
459.04 0.0936506
530.116 0.0153905
559.516 0.0062212
417.792 0.000102521
461.903 0.0958716
495.754 0.00944041
408.346 0.00177086
474.91 0.0200292
383.486 0.00762852
384.103 0.0289767
367.041 0.00414534
327.686 0.0289584
379.14 0.0139276
333.747 0.00716368
312.754 0.015457
307.598 0.00900055
366.76 0.0168566
301.903 0.000171384
314.158 0.0157215
315.976 0.010696
334.388 0.000722522
339.61 0.00966768
288.595 0.0016468
362.504 0.0184209
272.485 0.0066381
284.498 0.0129526
270.222 0.0260009
239.309 0.00596908
252.744 0.00307206
250.722 0.0095339
290.401 0.00207016
215.784 0.00433743
188.839 0.0163583
196.952 0.0189767
229.328 0.0104506
200.335 0.00217561
178.846 0.00431563
250.905 0.00242797
206.723 0.000637351
144.945 0.00676583
192.151 0.0126437
175.651 0.0213515
155.542 0.0076719
161.469 0.00533394
192.955 0.00510282
169.619 0.00456819
157.262 0.013675
158.445 0.00176025
166.457 0.000734306
171.35 0.00536621
159.182 0.0147934
155.139 0.0176193
119.398 0.000803083
749.606 0.0192557
880.146 0.156288
1006.33 0.0210693
1046.59 0.02138
883.712 0.0180139
590.866 0.138985
545.143 0.00969328
565.22 0.0396036
508.718 0.10822
674.443 0.282783
444.3 0.0237333
462.708 0.0189194
442.076 0.0167774
523.926 0.0303062
563.111 0.0346331
414.088 0.0208714
498.162 0.061441
476.286 0.0088024
360.132 0.0235834
381.901 0.0214665
350.426 0.063547
399.926 0.00262566
344.846 0.0205255
402.348 0.0203156
421.704 0.0118821
446.847 0.0086755
336.789 0.0154965
314.153 0.0289892
346.232 0.0134524
356.76 0.00568355
339.389 0.0296997
335.614 0.000838035
387.433 0.0433776
323.622 0.0234787
367.942 0.034227
367.873 0.0148022
336.868 0.0311301
271.769 0.0174258
296.453 0.00198698
239.053 0.00657368
263.311 0.0134115
229.635 0.00359817
205.011 1.97428e-005
199.266 0.00604834
219.676 0.0621571
246.345 0.00969205
208.631 0.0145204
179.129 0.000928628
225.985 0.00787785
258.557 0.000386162
229.581 0.00158132
196.855 0.014693
158.558 0.00961701
198.038 0.0102288
197.02 0.00181283
151.648 0.00602445
191.836 0.000366663
141.871 0.00798872
149.768 0.00543501
159.514 0.0189063
182.934 0.000390875
132.325 0.0141908
199.004 0.0099233
112.751 0.00720483
701.407 0.0658818
931.771 0.0272036
1261.17 0.00970865
786.442 0.0893475
1011.37 0.112054
729.979 0.0112179
630.279 0.0224633
638.374 0.0776908
613.032 0.0317796
497.237 0.0623157
469.883 0.0634892
531.745 0.0621033
701.813 0.0367571
488.327 0.0868857
752.652 0.0406914
406.718 0.0220239
392.626 0.0152305
457.397 0.00800545
389.896 0.0494059
336.135 0.0193317
363.218 0.0313283
386.148 0.00788477
388.279 0.00709345
348.319 0.0400386
484.076 0.0132938
400.374 0.00923204
440.362 0.0102391
368.103 0.0475282
368.553 0.0733682
292.714 0.0330714
378.837 0.0359589
383.05 0.0322115
352.409 0.0155218
274.321 0.00299948
319.008 0.00965745
263.225 0.000444285
283.258 0.0672023
358.42 0.0359482
263.943 0.00514059
233.782 0.00535327
330.427 0.0243163
249.757 0.0102032
257.412 0.0157472
224.696 0.00861131
184.253 0.0068325
218.057 0.00723537
232.661 0.00897416
219.339 0.0427747
222.443 0.00855976
161.773 0.0035739
206.343 0.0029768
188.132 0.0052401
206.803 0.00733885
198.429 0.0254563
155.644 0.00905497
194.587 0.00195764
156.528 0.00701383
192.313 0.00257518
154.881 0.0132718
158.315 0.00695326
130.023 0.00351463
192.772 0.00105897
135.83 0.000941789
113.779 0.0113248
592.976 0.0187351
966.15 0.0538876
852.7 0.0495022
1039.6 0.000509596
848.415 0.000196181
647.897 0.0324949
569.308 0.0501262
589.589 0.056536
677.362 0.0908971
568.874 0.114773
685.786 0.00146605
527.976 0.0576195
668.091 0.0287313
710.281 0.00932253
695.094 0.0532956
832.701 0.0577633
489.674 0.0251897
458.667 0.0231202
585.857 0.043867
412.901 0.00783615
435.811 0.0270862
392.341 0.00586431
449.261 0.0937084
471.29 0.0145218
399.23 0.0079397
346.594 0.013541
403.031 0.00168522
377.364 0.00833156
375.736 0.0295829
408.993 0.00806063
409.18 0.00298113
302.483 0.0344163
333.857 0.0101497
340.804 0.0113282
324.615 0.0156975
293.689 0.00563823
296.07 0.00228635
247.821 0.00847004
274.742 0.00286179
302.92 0.00904614
265.095 0.00904104
259.217 0.00334056
248.316 0.00659612
212.219 0.0134477
245.268 0.0233598
231.414 0.00755249
207.554 0.00295104
191.53 0.00752023
171.718 0.00371647
206.047 0.00884728
185.995 0.00276707
220.657 0.00939902
167.333 0.00444911
198.002 0.0072794
188.249 0.00916341
201.715 0.0173939
169.648 0.000484786
167.532 0.00182768
158.553 0.00141708
170.997 0.00334951
156.035 0.00206724
148.898 0.0231959
200.147 0.00347184
144.586 0.00413786
711.959 0.000155679
967.266 0.0950959
819.435 0.0484261
932.867 0.00805917
967.251 0.0349879
770.523 0.0902725
792.635 0.0122818
563.412 0.0483509
620.115 0.0632731
707.552 0.0594505
517.278 0.0168444
488.275 0.0438536
659.862 0.0932406
769.596 0.027945
655.085 0.0478318
805.614 0.126652
827.323 0.0219762
477.856 0.00131154
543.184 0.00357907
399.408 0.0454423
566.187 0.0644547
458.484 0.00801665
440.668 0.0276616
522.012 0.00680598
447.372 0.0486676
499.791 0.00333599
385.439 0.0481573
321.344 0.0589382
400.264 0.00622656
377.303 0.0211812
354.98 0.000714722
403.024 0.00662117
334.364 0.0308412
281.045 0.0103128
325.7 0.00345393
309.947 0.0103394
324.992 0.0443416
296.844 0.00062154
322.959 0.0099659
326.252 0.00802479
343.469 0.00417829
211.805 0.00322988
272.115 0.000961663
213.653 0.0363225
229.482 0.0139083
197.525 0.00249835
229.503 0.0110894
234.394 0.00126319
259.616 0.0047587
198.512 0.000269473
230.339 0.0164547
189.518 0.00710111
187.056 0.00697185
184.13 0.00153391
176.151 0.00698242
180.51 0.00145959
157.621 0.00154249
203.948 0.0161827
169.988 0.00930151
183.671 0.0179439
181.764 0.0216166
193.937 0.00410026
173.874 8.59451e-005
132.545 0.000480563
866.144 0.0222552
1011.35 0.0418748
1387.06 0.0147543
905.466 0.0117248
783.586 0.0876522
768.347 0.0375636
674.882 0.0197716
764.94 0.016189
627.452 0.156323
619.712 0.0499244
665.573 0.0426628
645.262 0.0360856
618.985 0.0121644
670.641 0.0300144
575.432 0.0166408
645.728 0.03836
534.376 0.0412185
526.476 0.00286092
616.511 0.0437486
523.524 0.027273
516.96 0.0253331
478.846 0.00123826
480.341 0.00384421
441.67 0.0307771
440.765 0.0226537
437.09 0.0125724
375.927 0.0329648
449.657 0.000751206
387.194 0.00184001
331.587 0.00977613
406.303 0.00210215
347.231 0.00902288
359.243 0.0060241
358.316 0.0237203
319.867 0.0434237
307.956 0.00280289
295.752 0.00699317
278.058 0.0189062
303.448 0.00340057
349.375 0.0025594
361.375 0.0238709
308.299 0.00313028
304.273 0.00595338
271.826 0.00714765
299.284 0.010648
239.963 0.00721343
249.882 0.0039692
273.392 0.0162713
215.071 0.00209049
190.382 0.00834547
220.726 0.00643467
180.416 0.000288151
224.365 0.0128036
181.851 0.00735586
185.309 0.0146186
176.465 0.0240687
175.526 0.0088975
174.874 0.0109501
187.235 0.0279067
176.225 0.00661828
167.59 0.00265541
181.542 0.000564813
178.34 0.00158133
104.591 0.00803287
677.651 0.0108341
1026.38 0.0616357
1058.94 0.10722
1099.68 0.0933835
1009.15 0.112892
608.383 0.0382769
844.773 0.0410441
696.227 0.00514578
658.4 0.0125079
650.665 0.0326857
646.122 0.00287477
691.983 0.0155852
578.544 0.00800008
536.314 0.0395194
609.727 0.00899514
605.447 0.00427317
526.339 0.00575647
749.711 0.114264
439.759 0.00115988
487.153 0.0518846
485.408 0.071505
537.676 0.00692681
521.567 0.0726824
480.813 0.0756482
429.088 0.0176227
501.741 0.0487144
401.777 0.000654798
362.145 0.0201289
400.697 0.0935693
421.353 0.0229787
338.49 0.014596
313.945 0.00285952
378.749 0.00350925
341.853 0.0122593
337.752 0.00585516
301.084 0.043526
307.578 0.00322262
309.668 0.0203201
315.642 0.00445119
331.896 0.0157691
325 0.0151658
261.156 0.00733509
241.244 0.00126356
262.255 0.00623686
274.095 0.00409678
259.941 0.00231349
203.305 0.0042254
243.059 0.00808375
288.231 0.000465762
202.298 0.0144339
246.209 0.00367295
202.656 0.00653943
330.015 0.0204883
157.76 0.0080881
255.908 0.000127294
157.41 0.000726926
327.79 0.00118856
171.254 0.00903797
184.631 0.000685905
188.28 0.0101549
170.042 0.026485
222.827 0.00662963
182.186 0.00731475
147.359 0.00951934
802.217 0.012579
728.701 0.0454012
813.181 0.0233721
850.712 0.0794516
1072.39 0.010739
570.401 0.0727747
627.312 0.0164025
648.658 0.0519599
758.879 0.128718
785.689 0.0223506
556.738 0.0156018
673.832 0.0490388
667.51 0.0148532
502.844 0.0445941
568.955 0.0892124
495.123 1.06581e-014
484.425 1.42109e-014
508.055 0.00864812
573.498 0.170691
520.22 0.0201816
540.904 0.0165895
448.849 0.0456084
479.943 0.065222
421.25 0.0128964
498.584 0.0421522
382.347 0.0111838
367.108 0.0324684
367.87 0.000422904
355.584 0.0148226
395.784 0.00114732
355.875 0.0393753
338.614 0
406.706 0.0710678
388.437 0.0113552
486.909 0.0390635
365.382 0.00161688
357.395 0.0241137
405.294 0.00342097
368.651 0.00721046
265.842 0.0115251
317.401 0.011958
247.922 0.0124263
263.804 0.0107083
292.874 0.0447871
285.789 0.00267978
310.292 0.0300609
224.256 0.00308237
242.714 0.0380592
215.338 1.77636e-015
241.966 0.00226827
255.74 0.0488418
217.406 0.00350902
222.198 0.00501022
227.722 0.00579109
207.59 0.0088153
170.127 0.011377
213.738 0.00296356
165.369 0.00284733
207.651 0.0200218
166.387 0.015788
193.743 0.00166502
158.74 0.0112305
183.801 0.0167979
90.139 2.8448e-005
673.048 0.0522273
890.354 0.254005
958.209 0.0777392
1064.39 0.201277
977.369 0.0314228
509.449 0.00940948
946.571 0.00219884
683.287 0.0660316
621.602 0.0110357
839.395 0.0208915
655.522 0.0169133
657.656 0.0227204
606.302 0.0103209
558.477 0.0612821
583.749 0.00475387
499.603 0.00995885
529.285 0.00828184
558.232 0.0344737
493.093 0.0733961
453.896 0.00316292
506.071 0.0149105
380.391 0.0385447
445.424 0.0589094
375.738 0.0563039
411.902 0.0731767
461.008 0.0174597
351.514 0.00916461
406.927 0.00299632
558.658 0.00221491
359.598 0.0132129
555.941 0.021801
421.956 0.00447364
311.446 0.0262391
336.924 0.0487913
407.252 0.0141803
365.386 0.000791243
292.854 0.012854
300.757 0.00126308
335.679 0.00749453
297.054 0.00132637
313.285 0.00767536
360.102 0.000718353
314.281 0.0146009
288.376 0.0180156
248.363 0.00386633
297.262 0.0227034
255.997 0.0130808
292.505 0.000679802
237.743 0.062295
182.39 0.00260578
290.847 0.0288014
193.013 0.00022687
296.289 0.0331982
208.174 0.0313543
269.115 0.0102902
188.362 0.00713225
214.048 0.00832432
158.715 0.00600131
207.97 0.00694965
166.314 0.0477353
215.152 0.00219649
188.764 0.000772446
235.552 0.012332
105.759 0.0152506
722.083 0.00176718
764.759 0.0111859
841.63 0.0749285
794.631 0.0538722
1049.3 0.022854
587.79 0.124041
628.121 0.0514061
700.761 0.0211616
646.009 0.000948473
606.126 0.0596979
699.766 0.0381682
680.622 0.0283263
635.817 0.138117
701.47 0.00385393
631.98 0.0196221
626.902 0.00118142
686.068 0.0717862
622.958 0.00194286
467.137 0.0601935
477.451 0.00619248
511.562 0.0131106
454.815 0.0321981
566.909 0.0146406
456.501 0.00359524
398.766 0.00495432
365.99 0.019769
486.796 0.0438246
506.533 0.00510144
425.374 0.00991599
359.471 0.0557944
378.265 0.0125584
384.678 0.0123699
368.986 0.00225307
398.052 0.0411579
355.488 0.0704737
387.933 0.0420964
474.544 0.0235188
416.955 0.0621819
456.69 0.000149605
349.953 0.00636837
311.884 0.0162194
317.908 0.00479852
293.767 0.00280112
281.224 0.0103045
305.831 0.0278045
295.421 0.0025806
313.833 0.000291413
221.981 0.013722
293.588 0.00822501
233.028 0.00421056
272.416 0.0132114
205.682 0.0245086
259.12 0.00302927
218.921 0.00863334
300.038 0.0248418
290.389 0.0103762
249.999 0.00219402
246.06 0.0207732
220.374 0.00294332
201.999 0.00291761
223.187 0.00580777
172.582 0.00562451
177.985 0.042796
134.324 0.00391126
706.047 0.0173581
620.598 0.0318851
882.743 0.00789763
965.468 0.0493681
821.073 0.0592721
892.394 0.00197597
803.941 0.0738486
774.611 0.0173849
870.509 0.0728743
610.866 0.0256006
535.036 0.0420688
666.451 0.0250342
676.132 0.0131072
602.415 0.000219968
548.26 0.0592007
583.264 0.0038803
560.925 0.0601105
631.95 0.0455948
569.272 0.00259221
588.894 0.0165742
485.404 0.0305939
610.647 0.00729934
678.475 0.00283739
449.985 0.00129108
477.804 0.0198557
454.243 0.0212205
441.799 0.0193184
445.051 0.0297257
516.573 0.0143166
350.63 0.000148478
426.835 0.0722938
360.691 0.0336723
431.795 0.0114454
369.216 0.0230481
413.835 0.0114203
326.736 0.00333539
340.178 0.00225565
352.208 0.00173355
436.132 0.0192238
321.215 0.00146116
360.851 0.0119688
259.382 0.0162517
390.094 0.00401561
313.165 0.0138685
253.464 0.118319
226.153 0.0516683
236.427 0.0131878
276.953 0.0178644
241.055 0.00626173
246.376 0.00302776
182.617 0.0232214
267.135 0.00737369
196.836 0.0201332
216.28 0.00245163
194.607 0.00738367
268.691 0.015994
183.421 0.010951
249.665 0.00959207
191.349 0.00136859
177.613 0.0420661
194.876 0.0148504
148.585 0.000272468
287.501 0.000156306
114.092 0.00506961
574.92 0.0207753
751.987 0.0085304
711.491 0.137319
932.161 0.0640677
894.42 0.0709704
747.106 0.0147503
688.13 0.0614687
668.083 0.0454753
774.004 0.000730783
630.905 0.00596977
706.246 0.0548119
694.804 0.0101314
618.822 0.0311343
657.095 0.147069
601.766 0.00851599
686.003 0.00703096
569.537 0.00612637
572.786 0.0361139
507.738 0.0624175
465.625 0.0609121
586.095 0.01671
613.572 0.00822011
560.923 0.0311417
574.716 0.00982438
349.589 0.0150485
418.519 0.004309
436.994 0.0210839
516.541 0.053777
463.202 0.00857633
445.002 0.0170981
447.695 0.00294982
377.378 0.00487217
447.719 0.0472074
316.844 0.000642669
441.584 0.00125844
485.958 0.00644447
412.66 0.0541098
388.839 0.016443
431.155 0.0205425
365.959 0.015767
439.871 0.0579879
313.598 0.0178942
307.764 0.058827
338.788 0.00736307
246.3 0.0112874
318.413 0.00523208
280.525 0.0114572
273.651 0.00759402
268.219 0.00514545
257.93 0.00114772
267.166 0.018794
197.236 0.00251474
299.911 0.00574314
237.541 0.00198928
227.277 0.0133912
198.865 0.000454737
285.817 0.00528847
196.793 0.00491877
210.773 0.0174743
239.482 0.00786311
205.784 0.00652339
248.664 0.0109826
209.482 0.0214709
140.253 0.00196243
413.414 0.00921111
731.499 0.0610662
769.575 0.0256806
729.744 0.00263506
711.275 0.0033637
740.03 0.00828849
673.381 0.0255401
749.233 0.0191584
633.45 0.0291074
695.778 0.012591
748.357 0.077274
653.366 0.0765287
602.433 0.00070357
550.496 0.0204692
675.099 0.0345661
587.234 0.0403236
646.435 0.0549283
624.857 0.0213951
706.158 0.0424135
739.312 0.0406961
485.895 0.00257376
689.968 0.0292653
494.298 0.0314699
594.211 0.00704812
478.007 0.00801862
502.272 0.0323557
404.953 0.031035
378.624 0.0445271
386.971 0.0448159
436.205 0.00264761
593.591 0.024502
423.202 0.000117287
400.489 0.0424484
407.622 0.00330334
394.064 0.0674552
426.622 0.0696237
317.954 0.018586
376.583 0.0305435
340.417 0.0257955
317.572 0.0182304
378.848 0.00680598
271.26 0.0128144
373.065 0.00323251
312.496 0.000114928
276.799 0.0223909
230.084 0.0105473
247.672 0.0036985
231.619 0.0104263
248.641 0.00715702
208.893 0.00173638
241.04 0.0340593
195.059 0.00276683
219.701 0.00787296
194.079 0.00520206
230.434 0.0077585
260.437 0.0119648
220.574 0.00586253
211.59 0.00422476
237.112 0.021565
245.664 0.0299832
193.693 0.00349797
253.6 0.0112285
242.271 0.0114318
117.147 0.000620479
705.57 0.00427653
895.259 0.181323
770.879 0.043775
961.658 0.0220002
882.924 0.0641954
786.3 0.0738589
655.992 0.0706148
906.016 0.0974426
753.745 0.0490972
774.052 0.0874245
840.44 0.0169402
662.327 0.014044
660.508 0.0485504
660.521 0.00109597
724.22 0.005947
523.493 0.0164564
513.105 0.0146732
541.481 0.00651403
678.862 0.00349417
573.185 0.00159889
802.917 0.0429236
678.222 0.0520517
593.083 0.0168704
495.509 0.00155243
583.755 0.0327556
699.121 0.00188814
437.885 0.0678748
518.716 0.0175334
388.964 0.0099452
540.67 0.0250294
345.426 0.0185501
506.344 0.00369412
440.408 0.0297442
587.851 0.0441182
383.062 0.0339921
413.938 0.000854205
385.747 0.00180264
411.86 0.00346397
312.043 0.00408055
417.396 0.00102795
377.198 0.0174007
303.857 0.021468
285.569 0.0136738
295.942 0.000791643
347.897 0.0123769
258.836 0.0276437
333.695 0.0105296
261.955 0.0103781
309.152 9.82552e-005
327.505 0.00972513
277.091 0.0043737
277.728 0.0117006
239.639 0.00162563
208.902 0.0204247
205.111 0.0198722
291.553 0.0116755
243.147 0.0124723
300.168 0.000161901
231.825 0.00644288
333.39 0.00701261
206.019 0.00436731
402.439 0.0194184
252.334 0.00678385
116.495 0.000420519
708 0
1256.19 0.262271
1207.86 0.149885
1068.5 0.142444
1281.2 0.200632
967.024 0.0473356
1043.3 0.0555309
865.299 0.0887381
874.946 0.0848814
810.299 0.000107228
1132.11 0.0343828
633.242 0.00919817
794.579 0.0335508
616.884 0.00516261
843.72 0.0538873
556.267 0.0217846
989.304 0.0217001
525.535 0.0198812
773.074 0.0072922
685.465 0.00466959
597.521 0.00171237
600.407 0.0384154
562.712 0.0369988
492.951 0.0435165
552.64 0.0326909
492.544 0.00827582
461.807 0.00772907
439.873 0.00564166
484.622 0.0475485
444.397 0.0132911
425.651 0.00291719
445.747 0.032654
528.562 0.00567025
581.581 0.031784
449.752 0.0100063
618.872 0.0185742
357.728 0.00895302
394.97 0.0203353
404.221 0.00266255
373.696 0.00167969
415.363 0.0203366
300.44 0.00159365
452.683 0.071148
385.039 0.00212965
500.205 0.00775251
402.312 0.00796841
305.582 0.00849625
257.69 0.0324419
316.132 0.0115742
279.348 0.00515323
295.519 0.00351743
418.267 0.0247348
260.099 0.00267062
323.569 0.0198201
229.06 0.00272608
282.507 0.000761054
298.541 0.0539806
274.246 0.00303334
238.609 0.00404068
280.875 0.000821492
221.127 0.00617596
261.634 0.0123741
244.844 0.0053813
156 0
1698 53
37 0
28 0
28 0
12 0
20 0
29 0
24 0
18 0
26 0
32 0
9 0
12 0
10 0
17 0
27 0
11 0
10 0
15 0
19 0
37 1
43 0
14 0
16 0
12 0
21 0
24 0
52 2
85 3
20 0
20 0
24 0
21 0
33 1
47 2
169 8
212 14
41 0
34 0
27 0
34 0
23 0
35 0
87 1
259 10
86 7
19 0
28 0
35 2
34 1
40 3
30 0
88 2
116 4
100 4
35 0
16 0
22 0
23 0
34 0
32 0
50 1
51 0
118 0
101 5
35 1
15 0
11 0
20 0
26 0
27 0
35 1
49 1
110 1
131 0
81 1
33 2
28 1
15 0
12 0
11 0
14 0
16 0
20 0
29 0
41 0
89 0
36 0
24 0
21 0
17 0
11 0
10 0
13 0
17 0
19 0
31 0
33 0
56 1
90 1
57 0
28 0
31 0
31 1
24 0
13 0
15 0
17 0
12 0
18 0
29 0
44 4
63 5
80 3
46 2
37 1
21 0
24 0
28 0
34 0
11 0
18 0
27 0
35 0
51 1
56 1
41 0
90 2
122 5
75 9
26 0
18 0
15 0
13 0
13 0
10 0
20 0
24 0
42 0
51 0
70 1
63 0
112 0
67 2
36 1
16 0
17 0
13 0
11 0
6 0
29 0
32 0
60 1
77 2
133 0
172 0
83 1
34 1
31 1
15 0
15 0
15 0
17 0
23 0
29 0
44 0
54 0
175 0
54 0
26 0
21 0
18 0
9 0
10 0
7 0
36 0
36 1
91 2
100 0
77 1
29 0
31 0
24 0
25 0
12 0
8 0
57 3
64 5
115 5
63 2
44 1
21 0
26 0
28 1
33 1
11 0
133 15
228 23
75 12
49 0
44 1
25 0
30 1
31 2
42 2
186 19
76 8
33 1
19 0
22 0
12 0
13 0
10 0
84 10
30 1
24 0
16 0
15 0
8 0
8 0
40 3
17 0
16 0
13 0
13 0
6 0
35 1
17 0
21 0
14 0
18 0
24 0
11 0
14 0
6 0
26 1
12 0
11 0
33 1
11 0
42 0
126 22
727 203
1705 69
86 7
68 3
117 15
36 0
62 6
162 12
62 2
63 6
234 26
421 54
109 4
103 16
147 13
499 45
123 20
61 3
97 7
180 10
296 10
157 24
42 2
38 0
59 5
103 7
237 13
90 11
62 14
33 0
79 2
122 12
302 11
310 4
152 23
41 2
43 0
76 3
154 12
318 17
103 12
68 9
30 0
210 34
379 78
170 13
73 15
99 10
351 40
127 33
48 1
27 0
128 22
54 2
41 0
78 9
34 0
117 8
144 28
519 124
259 5
30 0
16 0
29 0
10 0
19 0
53 0
14 0
12 0
61 1
130 4
35 0
27 0
30 0
82 2
29 0
27 0
31 0
65 0
64 0
41 1
7 0
13 0
23 0
39 0
104 0
23 0
14 0
4 0
22 0
29 0
128 2
89 3
41 2
10 0
12 0
25 0
83 3
142 4
30 0
13 0
4 0
123 13
183 19
75 6
16 0
30 1
151 7
36 4
12 0
4 0
46 0
14 0
20 0
17 0
5 0
31 0
28 1
99 5
186 4
26 0
26 0
31 0
10 0
22 0
53 0
25 0
24 0
96 6
123 3
25 0
31 0
46 1
147 8
24 0
30 0
35 1
113 0
117 0
51 5
11 0
14 0
26 0
40 0
117 2
26 0
16 0
4 0
21 0
29 0
155 2
141 0
49 1
11 0
15 0
20 0
52 1
130 1
28 0
17 0
4 0
115 10
133 14
54 7
15 0
23 0
138 10
29 2
12 0
4 0
55 6
15 0
16 0
19 0
7 0
32 0
32 1
103 8
155 3
26 0
29 0
39 0
14 0
27 0
78 0
41 0
33 1
132 16
255 8
20 0
45 0
74 1
206 15
36 1
33 0
33 0
145 0
172 2
69 8
18 0
11 0
23 0
40 1
130 1
30 1
21 0
6 0
18 0
24 0
98 0
211 0
71 0
11 0
25 0
15 0
37 0
68 0
24 0
15 0
4 0
76 1
105 2
36 0
15 0
25 0
133 5
23 0
8 0
4 0
57 6
16 0
13 0
19 0
5 0
29 0
31 1
100 8
581 6
27 0
16 0
24 0
12 0
18 0
38 1
15 0
17 0
66 3
108 1
25 0
22 0
40 0
114 3
27 0
23 0
28 0
89 1
111 2
38 4
11 0
20 0
27 0
46 2
102 0
25 1
14 0
4 0
25 0
27 0
135 5
112 4
38 2
10 0
11 0
31 0
57 3
111 4
24 0
13 0
4 0
121 6
155 8
61 4
13 0
26 0
106 9
30 1
12 0
5 0
44 6
15 0
17 0
15 0
7 0
23 0
27 0
89 6
366 7
22 0
17 0
25 0
12 0
19 0
40 3
15 0
19 0
62 7
108 9
24 0
24 0
36 1
107 11
29 1
22 0
26 0
87 2
86 1
35 4
13 0
16 0
23 0
49 1
110 0
26 1
16 0
5 0
23 0
24 0
99 6
123 4
37 3
10 0
16 0
26 0
46 3
135 5
37 0
20 0
5 0
93 6
98 9
47 7
18 0
25 0
116 4
26 0
13 0
4 0
46 5
14 0
16 0
16 0
5 0
27 0
32 0
92 11
223 9
29 0
24 0
36 1
9 0
20 0
60 2
23 0
20 0
116 10
193 21
31 0
28 1
56 0
219 19
38 4
21 0
24 0
60 0
50 0
45 1
12 0
13 0
18 0
37 0
60 0
20 0
16 0
3 0
21 0
35 0
84 0
90 0
50 2
10 0
14 0
18 0
71 2
85 1
32 0
19 0
4 0
99 9
132 19
58 4
22 0
33 1
177 13
33 2
15 0
3 0
37 4
12 0
13 0
19 0
5 0
28 1
27 1
106 9
743 3
34 0
14 0
28 0
10 0
11 0
32 0
15 0
14 0
67 1
100 1
32 0
30 0
44 0
140 5
29 0
21 0
33 0
109 1
114 1
39 0
12 0
15 0
23 0
64 1
123 3
29 0
14 0
5 0
23 0
35 0
67 0
74 0
41 0
8 0
14 0
26 0
54 1
75 0
22 0
18 0
4 0
110 7
150 3
59 1
20 0
28 1
167 8
32 2
12 0
5 0
84 5
13 0
15 0
20 0
4 0
27 0
28 1
74 3
696 7
21 0
27 0
29 0
12 0
23 0
45 0
35 0
24 0
68 3
118 5
28 0
35 0
66 0
186 1
24 0
25 0
31 0
141 0
122 0
69 1
11 0
14 0
22 0
47 1
120 2
27 0
17 0
5 0
36 0
35 0
122 0
109 1
66 4
12 0
15 0
28 0
41 1
136 2
40 0
18 0
4 0
103 5
116 4
58 7
19 0
26 0
156 12
31 1
16 0
4 0
51 5
12 0
17 0
14 0
4 0
22 0
35 1
90 8
663 8
18 0
38 0
35 0
15 0
27 0
70 0
36 0
33 0
132 7
155 13
22 0
36 0
116 0
230 2
33 0
22 0
26 0
88 0
146 0
95 0
14 0
12 0
16 0
31 0
68 0
19 0
14 0
4 0
33 0
32 0
135 0
119 2
64 4
17 0
17 0
23 0
40 0
247 2
52 1
16 0
5 0
68 2
92 5
67 4
17 0
25 1
97 1
18 0
11 0
5 0
34 0
10 0
14 0
13 0
3 0
22 0
31 0
108 8
